Tests/Data/MeshGeoToolsLib/Ammer/AmmerGWN.asc
ncols         188
nrows         170
xllcorner     3480850
yllcorner     5375035
cellsize      100
NODATA_value  -9999
[rows 87 to 115 of 170, columns 0 to 63 of 188]
-9999 -9999 -9999 -9999 240.5431 240.9811 243.7783 246.7309 248.5741 250.7536 252.4853 254.0145 255.6067 256.8925 262.9683 263.6182 264.4803 266.1076 266.6107 269.9984 271.2254 270.8877 269.8845 271.1636 268.8107 269.5541 269.1889 268.407 266.1738 263.0855 262.1547 261.5475 258.7553 256.0215 254.2725 254.1125 252.4258 249.8146 248.2237 246.2688 244.7085 243.0004 241.2702 238.9666 239.3869 237.5028 235.6619 234.1503 232.288 232.8422 231.1478 229.4653 227.7764 226.072 226.7444 225.1474 224.2092 223.6232 221.2009 220.235 220.8247 219.969 219.4487 218.2506
-9999 -9999 -9999 -9999 241.3177 241.6982 244.9956 247.2561 249.0357 251.2285 252.9839 254.662 255.562 256.7825 262.4857 263.6472 265.2705 265.0903 265.5817 269.7172 269.6335 270.607 270.8555 269.6009 268.5371 267.7481 268.5545 268.3169 264.9278 263.5401 262.0581 259.6251 258.1533 256.6461 255.6393 254.0322 252.7487 251.1962 249.5231 248.0172 246.6471 245.1739 242.7894 241.7108 242.3781 239.7724 238.7284 236.8744 235.6273 235.4689 233.594 231.5826 229.8126 228.2462 227.1233 225.9459 225.5755 223.21 222.5593 220.868 220.3122 220.7137 219.2198 218.6768
-9999 -9999 -9999 239.2927 242.0689 242.772 245.5114 247.7504 250.4733 251.7161 253.3947 254.7194 256.1346 257.023 262.2659 264.6104 264.5821 264.9245 266.0191 269.4339 269.3623 269.9134 269.514 269.2068 268.2571 267.7722 266.9992 265.7312 264.7143 264.0047 260.8812 258.5788 257.5611 257.2959 256.9559 255.4145 252.7201 252.4613 250.852 250.2475 248.5405 246.3277 245.3983 243.7852 244.8197 243.007 241.0022 240.1221 238.4723 239.2323 235.4506 233.9491 232.0273 230.4164 228.9739 227.4208 225.1121 224.6768 223.6799 221.4884 220.8699 220.6208 220.0823 219.0923
-9999 -9999 234.9878 239.9904 242.1304 243.3277 246.0273 248.6551 250.9445 252.0898 253.5878 255.0406 256.4315 257.4798 262.0313 263.8677 264.4308 264.9576 265.4392 269.1474 269.8636 268.6859 268.3867 268.9052 268.2793 267.5453 265.3871 264.4818 264.5113 262.4477 260.4218 259.0345 257.6333 256.5952 258.6494 255.4355 253.9339 252.4098 252.2072 252.5136 249.9144 248.6736 247.235 245.8824 247.5743 245.6865 244.1533 242.4605 241.3306 241.9449 237.6389 236.2046 234.5739 232.5792 229.8718 227.8415 226.7458 225.6725 224.5336 222.1146 221.0178 220.4332 220.559 219.9412
-9999 231.6843 235.4412 239.3826 242.0958 244.1159 246.5689 248.9458 251.1539 254.6514 255.6917 257.3656 258.8248 261.1592 265.6015 266.2176 266.6757 267.1023 267.687 269.5744 270.4285 270.0724 270.3394 268.6189 268.479 268.6523 266.6302 265.6084 261.3103 259.375 258.513 257.4582 256.3926 255.2358 253.936 254.5547 253.3979 252.1641 250.973 250.4804 249.3793 247.9858 244.7857 243.8839 245.0942 244.757 244.0775 242.6259 240.6221 241.6457 239.7075 237.9649 236.2593 234.9932 230.5356 228.917 227.209 225.9468 225.5043 223.6809 222.8951 222.1228 221.3681 220.7275
-9999 232.1851 236.2929 239.7886 242.7311 243.689 246.8584 249.1788 251.3045 254.0765 255.6021 257.0555 258.6151 260.7478 264.0777 264.5233 264.8361 264.9711 265.7241 268.8973 269.198 269.5484 269.0941 268.6508 268.0242 268.0366 267.8546 267.3633 262.8792 261.9109 261.7516 261.2023 259.5905 258.966 255.5236 255.0698 254.8315 253.9573 252.852 249.6339 249.203 248.1579 247.106 247.2627 242.7818 242.5907 241.103 239.3228 238.2111 237.599 237.9172 236.2271 234.5545 232.3652 232.9038 230.3171 229.1206 227.2579 225.4865 223.9614 221.8476 220.5529 219.2409 217.874
-9999 -9999 236.7193 240.1683 243.2471 243.8998 246.5509 249.4961 251.4396 253.657 255.1682 256.6068 258.3854 259.9403 263.563 263.5657 264.3505 264.6721 265.095 268.2488 268.8319 268.989 267.4091 267.9624 267.5433 266.7817 267.024 265.9949 263.007 262.2723 261.6324 261.0251 259.9593 259.4097 256.7806 255.9655 255.6245 255.1179 254.2469 251.558 250.4696 250.1983 250.2349 248.6514 246.1422 244.6235 243.1794 242.1157 241.0996 240.1469 239.37 238.4732 236.4767 234.6067 234.0267 231.7858 230.0945 228.7214 227.0179 225.0522 223.6016 221.5269 219.6568 217.745
-9999 -9999 235.3076 240.5293 243.7928 244.0787 246.856 249.3012 251.0406 253.7478 254.7142 256.4855 257.8268 259.2546 262.0252 262.9725 263.8763 264.1902 264.6445 268.6078 268.2458 266.9196 266.9585 267.2484 267.033 266.6219 265.0026 265.0626 263.0233 262.6093 261.5797 260.3848 260.3109 259.8402 257.7367 257.277 256.2555 255.9704 255.6263 253.4548 252.4264 252.3573 251.3673 250.64 248.9099 246.9951 245.6907 244.4573 243.5117 242.6654 241.1921 239.6882 238.7328 236.8113 236.1699 233.6437 231.1079 229.4478 228.5068 226.1007 224.5465 222.5643 220.0472 218.5324
-9999 -9999 -9999 239.698 244.1178 244.671 246.943 249.3508 251.0747 253.3618 255.2493 255.9248 257.2513 258.4163 261.3672 262.3688 262.8996 263.6981 264.064 268.0016 266.895 266.4462 266.0036 265.6829 266.8604 265.4416 264.7115 264.1485 261.1409 262.5765 262.021 260.8005 260.2654 260.8771 258.9268 258.3614 257.572 256.7627 256.6267 255.3212 255.1358 253.3499 252.5692 252.5968 251.7859 249.7638 248.1953 246.387 245.882 244.6788 243.5267 241.4779 239.7697 238.9768 237.5465 234.7 232.6978 230.7188 228.9329 227.107 224.9195 222.9588 221.361 219.3152
-9999 -9999 -9999 238.1899 241.731 245.5084 247.7392 249.8873 252.0098 254.9512 256.3469 257.7978 259.1545 261.1982 261.7193 263.243 263.798 264.3343 264.0923 265.6165 265.8781 265.9753 265.7473 264.5283 265.8961 265.2908 264.8961 264.3195 260.854 260.598 260.3631 260.1256 259.8918 260.0569 257.7264 258.1023 257.9215 257.3159 256.8997 256.7401 256.7047 256.0226 254.3701 253.8701 249.2946 249.7672 248.4192 246.3521 244.5948 243.8416 244.6397 242.5034 240.3878 237.3628 237.3601 234.8066 233.1021 231.164 229.0255 226.6904 224.5286 222.0836 220.7565 218.9542
-9999 -9999 -9999 238.3156 241.8057 245.0799 247.4343 249.7088 251.5541 253.484 254.7249 256.439 257.6758 260.3743 260.8275 261.9198 262.458 262.9763 264.569 265.3362 265.6275 266.2934 266.1444 265.0953 267.1958 266.8308 266.6657 266.4198 264.6102 262.1447 262.1834 262.3422 262.4223 262.2755 259.01 259.4335 259.1107 258.7652 259.3064 256.0248 255.5119 252.8176 252.1527 251.9254 248.6482 247.5682 246.2049 245.3343 244.1249 242.2479 243.9023 241.8813 239.9925 238.9023 238.1166 236.4272 234.0654 230.9764 228.4577 230.4646 226.8547 224.5278 222.226 219.0066
-9999 -9999 -9999 -9999 241.8389 242.8708 247.3135 249.3082 251.3723 252.5304 253.7524 254.9017 257.1225 259.1454 260.0916 260.0389 261.2056 261.8871 263.1922 264.2065 264.1287 264.3735 265.4424 264.3542 267.0229 266.694 266.4128 266.3202 263.6303 263.0579 262.5495 262.7389 262.6508 262.8008 259.7421 259.7335 260.0334 260.6607 260.3054 257.3032 256.8449 256.3674 253.8938 253.2481 251.0726 248.5161 248.4108 247.5867 245.6016 243.8732 245.0059 243.6306 242.3456 240.3247 239.3106 237.4844 235.3232 232.0644 231.486 230.5287 228.0823 225.1747 221.5131 219.8003
-9999 -9999 -9999 -9999 -9999 242.5482 245.1011 249.2342 251.1861 251.5802 252.7821 254.2438 255.4431 257.989 257.7751 258.7563 259.3359 260.6023 261.9178 263.0767 263.0288 263.2078 263.6795 263.5907 266.8268 266.5366 266.2946 265.7445 263.5144 263.296 263.3728 262.8208 263.0987 263.294 260.5536 260.5301 261.2755 261.5592 261.2667 258.5344 258.1269 257.91 257.4498 254.5155 252.512 251.5408 250.9346 249.0171 248.8077 246.259 246.5743 245.3826 243.7611 241.6948 241.7184 238.4779 234.9896 234.5594 232.2592 230.9731 228.4347 224.61 222.2707 218.6597
-9999 -9999 -9999 -9999 -9999 -9999 -9999 247.3207 249.5154 251.716 253.0048 254.1399 255.2147 256.5625 259.2054 258.4539 258.6735 258.861 259.6777 261.897 261.9796 262.1558 261.8788 260.4641 263.2442 263.2502 263.9273 264.4572 261.7162 263.4182 263.4332 263.6369 263.8157 263.7536 261.9719 262.1973 262.0333 261.8654 262.1898 259.7155 259.4453 259.0376 258.6268 258.2136 254.5891 253.4569 252.3533 251.2239 250.3291 248.4733 248.507 246.6127 244.86 243.0202 242.5055 238.4942 237.2185 234.6505 233.7676 231.3965 227.2123 225.1553 222.6914 218.6719
-9999 -9999 -9999 -9999 -9999 -9999 -9999 -9999 247.7227 249.7439 251.7884 252.9995 254.1524 256.1314 256.9236 256.7123 257.2038 257.9426 258.4524 260.8859 260.9925 261.1007 261.216 259.3701 261.9252 262.5816 262.8877 263.2336 261.3786 262.1337 262.9211 262.7643 263.3131 263.8839 261.443 262.0437 262.7955 262.9618 263.1243 258.4857 258.0428 258.0715 257.6655 257.014 253.8338 251.7357 250.594 249.4111 248.0379 247.9402 247.8284 245.5446 243.568 241.2153 241.2863 240.6653 237.3111 234.0214 230.7229 232.05 229.8144 226.2007 223.0207 219.476
-9999 -9999 -9999 -9999 -9999 -9999 -9999 -9999 -9999 247.4553 249.3204 250.2999 251.2144 253.1595 254.5342 256.2414 256.9245 258.5185 258.8407 259.2722 260.5961 262.1906 262.6584 261.9079 262.8355 263.1755 263.5564 264.0337 262.4692 262.4557 262.9661 263.39 263.9577 264.7662 262.2916 261.819 262.1705 262.5141 262.984 258.7416 259.26 258.4756 256.5824 254.9701 252.834 253.2938 252.2986 249.9404 249.2381 247.83 247.6994 244.9158 242.9247 240.9691 240.2707 239.0793 236.7778 233.8504 229.994 233.1204 229.6958 226.761 222.8948 219.4953
-9999 -9999 -9999 -9999 -9999 -9999 -9999 -9999 -9999 -9999 247.0317 248.9402 249.8945 251.6854 252.7266 253.5527 255.9779 256.7879 257.2166 257.6635 258.983 259.5147 261.2236 261.4758 262.0297 262.3701 262.7526 262.7489 261.7853 262.3999 262.7185 263.2754 263.6919 264.3515 262.4419 260.9281 262.3622 263.0245 263.2187 258.9294 259.5085 258.0963 256.1626 255.4173 253.3955 253.7503 251.5219 250.1843 249.311 249.0222 248.2102 246.4397 243.9391 241.2936 242.2086 240.5835 236.5388 234.2521 232.6764 234.0754 229.6898 225.5826 222.6721 219.3938
-9999 -9999 -9999 -9999 -9999 -9999 -9999 -9999 -9999 -9999 -9999 -9999 248.5979 250.2206 250.9151 252.3914 253.0849 255.0609 255.588 256.1734 257.5519 257.8305 258.3076 260.1001 261.2003 261.5386 261.3671 261.8942 261.0523 262.117 262.6072 262.7949 263.4615 263.8983 261.9223 260.7677 261.6946 263.1714 263.4137 259.0571 258.7557 257.2374 256.8976 255.8165 255.0643 252.8237 251.6275 250.3762 249.1185 249.4791 249.7259 247.2902 244.8054 241.5749 242.6872 240.9151 237.7917 235.0659 232.9168 233.9736 229.6505 225.4219 222.5468 219.7817
-9999 -9999 -9999 -9999 -9999 -9999 -9999 -9999 -9999 -9999 -9999 -9999 -9999 248.7617 249.5651 249.6073 251.2506 251.9445 253.9516 254.5774 255.8667 256.2501 256.6448 256.997 260.3484 260.0392 260.4871 260.8579 260.2048 261.7934 261.929 262.5347 262.999 263.7036 261.833 261.1595 261.4944 261.8193 263.5716 258.2534 257.564 257.3037 257.0065 256.287 254.0059 252.8689 251.6797 250.4355 248.9645 250.2789 250.3465 247.9241 245.2251 242.5083 243.6245 241.0496 239.074 236.0571 231.912 232.5684 229.3902 226.2215 222.3576 219.5569
-9999 -9999 -9999 -9999 -9999 -9999 -9999 -9999 -9999 -9999 -9999 -9999 -9999 -9999 248.0333 249.4081 249.9606 250.5038 250.7513 252.4516 254.0168 254.5533 255.1045 255.7728 258.0995 257.5624 258.7493 259.3983 259.1718 260.0041 260.9577 261.3607 261.9968 262.6626 260.8975 259.5497 260.6349 261.0378 262.6228 258.2773 257.4896 257.3711 257.1371 258.1005 251.5608 252.0005 250.8202 249.5894 248.2737 248.9093 249.5404 247.1098 244.6555 241.7208 243.8324 241.6939 238.502 235.1204 231.4736 232.3894 229.5242 226.3587 222.8622 219.4456
-9999 -9999 -9999 -9999 -9999 -9999 -9999 -9999 -9999 -9999 -9999 -9999 -9999 -9999 -9999 247.1977 247.0547 248.8444 250.2794 251.5389 252.8788 253.6282 255.3421 254.8448 256.5037 256.7853 257.6765 258.2949 259.7589 257.0296 258.4004 259.2815 259.8045 261.6504 259.6443 260.2746 260.8828 261.6433 262.3477 260.0001 258.8913 259.2505 258.062 256.8087 253.9856 253.58 252.7371 251.386 249.3789 249.3391 247.5602 245.2087 244.1375 241.9164 241.4806 239.5134 235.768 233.0024 231.0943 233.3791 228.9622 225.6517 223.5461 220.0018
-9999 -9999 -9999 -9999 -9999 -9999 -9999 -9999 -9999 -9999 -9999 -9999 -9999 -9999 -9999 -9999 -9999 247.1378 248.5858 250.3235 250.867 251.4868 254.2747 253.9177 253.9312 254.8591 255.8152 256.4334 256.9239 256.3335 257.0489 257.4835 259.2247 260.2373 258.7297 258.4138 260.6255 259.8387 260.5594 259.2756 258.3904 258.4895 256.0652 255.8573 254.145 253.6496 251.792 250.5429 248.9721 248.433 247.1104 246.043 243.6461 241.0523 242.5429 239.8755 236.5495 233.6999 230.9269 232.9041 229.6203 226.7445 223.2896 220.0218
-9999 -9999 -9999 -9999 -9999 -9999 -9999 -9999 -9999 -9999 -9999 -9999 -9999 -9999 -9999 -9999 -9999 -9999 -9999 -9999 -9999 250.4011 251.1199 252.5074 252.2111 253.1364 253.7974 254.7647 255.1017 254.8251 255.0506 256.6462 257.6841 258.6866 257.4173 257.7185 257.4145 258.864 259.1321 258.0938 257.123 255.4534 255.3073 254.6617 253.1337 252.6566 251.2644 249.2754 247.7847 247.4883 247.6525 245.6486 242.9419 240.1476 241.964 239.306 238.0543 234.7831 230.7629 232.4313 230.8424 227.4079 223.327 220.2104
-9999 -9999 -9999 -9999 -9999 -9999 -9999 -9999 -9999 -9999 -9999 -9999 -9999 -9999 -9999 -9999 -9999 -9999 -9999 -9999 -9999 -9999 -9999 -9999 250.8028 250.9812 251.9101 252.871 253.2462 252.7086 254.0991 254.9515 255.8292 256.3272 256.6121 254.9309 255.6954 256.4468 258.0258 256.8763 254.7257 253.9459 253.8189 253.6281 252.6173 251.2687 249.9116 248.4933 245.5373 247.6957 246.8049 244.4932 242.1419 239.4659 241.7378 240.2779 237.6542 235.2241 231.8133 233.9475 230.5225 227.3755 224.0441 220.0116
-9999 -9999 -9999 -9999 -9999 -9999 -9999 -9999 -9999 -9999 -9999 -9999 -9999 -9999 -9999 -9999 -9999 -9999 -9999 -9999 -9999 -9999 -9999 -9999 -9999 -9999 -9999 -9999 251.4124 249.2338 251.0624 252.0867 253.1459 254.1715 253.692 252.9748 253.833 255.9796 256.2919 255.0278 254.2729 254.1387 254.2564 254.3315 254.666 251.1281 249.7368 247.7957 246.9832 247.9597 246.2969 244.1862 241.4455 238.0165 240.0624 239.4509 236.7504 233.0002 230.5822 231.341 228.0583 225.0327 222.0249 219.802
-9999 -9999 -9999 -9999 -9999 -9999 -9999 -9999 -9999 -9999 -9999 -9999 -9999 -9999 -9999 -9999 -9999 -9999 -9999 -9999 -9999 -9999 -9999 -9999 -9999 -9999 -9999 -9999 -9999 -9999 -9999 -9999 250.8681 252.2557 252.3134 252.426 252.4143 253.2286 254.4838 253.2607 252.7013 252.8968 253.0496 253.8158 253.6213 250.3551 249.2836 248.1578 248.0281 245.5966 246.1024 244.2453 242.3591 240.4445 239.986 237.8489 235.1839 232.5041 228.3498 231.7301 229.9082 226.4903 223.561 221.6881
-9999 -9999 -9999 -9999 -9999 -9999 -9999 -9999 -9999 -9999 -9999 -9999 -9999 -9999 -9999 -9999 -9999 -9999 -9999 -9999 -9999 -9999 -9999 -9999 -9999 -9999 -9999 -9999 -9999 -9999 -9999 -9999 -9999 -9999 250.1381 250.1745 250.896 251.3687 252.1657 251.0088 251.0881 250.6656 251.3324 251.3705 251.4314 249.2987 247.454 247.0789 246.1107 244.0479 243.2163 242.826 240.98 239.1923 239.0628 238.0711 234.2233 231.1803 228.1049 231.6063 228.8477 226.6319 223.9171 220.1866
-9999 -9999 -9999 -9999 -9999 -9999 -9999 -9999 -9999 -9999 -9999 -9999 -9999 -9999 -9999 -9999 -9999 -9999 -9999 -9999 -9999 -9999 -9999 -9999 -9999 -9999 -9999 -9999 -9999 -9999 -9999 -9999 -9999 -9999 -9999 -9999 -9999 249.6641 249.8252 248.7356 248.7926 249.3514 248.8913 248.9156 249.0288 247.2702 246.881 245.1142 244.1772 242.9406 241.5843 239.9579 239.627 237.7334 238.2254 236.0367 234.3401 229.8187 227.1181 231.1503 228.4572 226.5227 223.1604 221.5492
-9999 -9999 -9999 -9999 -9999 -9999 -9999 -9999 -9999 -9999 -9999 -9999 -9999 -9999 -9999 -9999 -9999 -9999 -9999 -9999 -9999 -9999 -9999 -9999 -9999 -9999 -9999 -9999 -9999 -9999 -9999 -9999 -9999 -9999 -9999 -9999 -9999 -9999 -9999 -9999 247.718 246.7988 245.8906 246.0108 245.2079 244.0004 243.7073 242.8115 242.2305 241.2064 239.9382 238.3742 236.6805 236.2582 237.2278 234.6922 231.8884 230.444 226.1164 230.7065 228.9852 225.3342 222.5579 221.7021
