Tests/Data/MeshGeoToolsLib/Ammer/AmmerGWN.asc
ncols         188
nrows         170
xllcorner     3480850
yllcorner     5375035
cellsize      100
NODATA_value  -9999
[rows 58 to 86 of 170, columns 64 to 127 of 188]
188.6538 187.9696 187.0716 185.9364 185.0395 183.6953 183.002 182.037 181.2578 180.638 179.1374 178.243 178.26 177.6538 177.6951 175.4262 174.6187 173.826 173.2176 172.4546 170.2723 168.1206 168.2746 167.4515 168.6457 163.9205 162.8866 161.546 161.1715 158.6662 158.1001 157.1873 156.1964 155.319 154.3387 154.5255 153.7347 152.9608 151.8986 150.1365 150.8485 149.1505 146.3503 144.5929 143.4298 145.7732 143.9474 141.5816 140.6075 139.1078 139.2347 137.7595 135.3122 133.765 132.5764 131.4525 129.6246 126.9848 125.2887 123.6532 121.2435 120.1022 118.0727 116.4731
190.7112 190.5235 189.2602 188.5562 187.6099 185.5896 184.8743 183.8853 183.0839 183.2898 181.0645 179.8005 179.0645 179.6654 178.978 177.0007 176.1121 174.8927 174.0159 173.7563 171.3187 168.8715 168.0442 168.2547 167.3504 163.4013 162.943 162.5708 159.9433 158.8895 158.2729 157.3933 156.6809 155.8774 154.7265 155.0147 154.9119 153.173 151.9149 150.5938 151.3316 149.7691 148.0096 145.2848 143.9565 147.317 144.1042 143.4096 140.9956 139.4501 139.4291 137.741 136.4532 134.3307 132.3694 131.1351 130.188 127.2908 124.7294 123.0216 120.2445 118.9387 117.2928 115.9867
192.9901 192.7816 191.9853 190.7805 190.1944 188.3487 186.559 185.8168 186.0166 185.2121 182.8369 181.6363 181.2368 180.4007 180.3393 178.2131 177.4342 176.4684 175.31 174.3623 172.3436 169.5212 168.6711 167.7635 168.0582 164.7966 163.9047 160.9992 159.7204 159.0516 158.3926 157.6821 156.9836 155.9907 155.0689 155.4751 155.4402 154.0287 151.9419 151.0123 151.7989 150.0275 148.8751 147.5666 144.4736 147.9822 145.5766 143.9834 142.3937 139.8155 139.863 138.285 136.872 135.1335 132.358 130.8572 129.6572 127.8253 125.2532 122.4277 119.7691 117.8626 116.8865 115.1298
189.0363 189.6974 189.6476 189.5914 188.7196 188.7589 187.899 187.2191 186.5298 185.8338 184.0166 183.9971 183.1579 182.3112 181.3239 180.8406 180.3399 179.1032 177.8776 175.6671 174.5208 171.7354 170.6121 169.7334 167.3744 162.3289 161.6862 160.6143 159.6809 158.6013 157.9534 157.5804 156.2725 156.0001 154.4705 156.701 156.3677 155.3434 154.3124 153.2742 151.6604 150.6336 149.2343 147.8269 146.1142 147.3636 145.1829 143.3434 141.4984 139.646 141.3694 139.9411 138.117 134.4216 132.4294 133.5155 130.4609 128.506 126.5263 124.5284 120.7489 121.0251 117.7706 115.8112
190.501 190.3236 189.352 188.8566 188.5066 189.2787 187.6322 186.7157 184.8639 183.9262 181.984 180.9886 180.692 179.8449 179.2917 179.2467 178.5591 177.0793 175.2135 173.8146 176.1972 175.3206 173.6812 172.0801 170.5212 167.5921 165.9272 164.4206 163.1134 161.3493 160.8427 159.5826 158.501 157.4346 155.5456 155.8279 156.0805 155.1361 154.1955 151.9563 150.2784 148.5503 147.9486 146.9332 145.9972 142.8644 141.9025 140.5606 139.1982 138.6234 138.0082 136.623 134.3683 132.0969 129.8489 132.457 129.8382 127.4997 125.1405 121.1922 121.5302 121.7789 119.5496 117.3019
192.6 192.4962 192.5592 191.0835 190.5079 190.3808 189.489 188.5809 187.7668 186.0456 183.5195 182.4777 181.0077 181.483 180.6928 181.4195 179.7569 177.1215 175.7757 174.8026 176.4346 174.6296 173.839 172.1719 170.1534 167.6916 166.2673 164.6664 161.8154 161.0414 161.0086 160.1099 158.6459 156.8113 155.8295 155.7914 155.526 155.265 153.3485 152.3964 152.0121 149.2765 148.0444 147.5112 145.9026 145.2647 142.7901 141.3035 140.8491 139.2799 138.4927 137.7662 134.9534 132.8024 130.4238 132.9705 130.4864 127.3488 123.6242 120.6904 120.9685 119.8159 118.5433 116.2536
194.6608 195.0059 194.892 194.4685 192.1826 191.703 190.88 190.6347 189.7657 188.8332 185.0273 183.9376 183.0365 181.6492 181.7519 183.5791 181.7815 178.2312 176.7318 175.304 175.9192 174.1648 172.8263 171.8451 170.2584 167.738 166.296 163.439 162.2866 160.8194 161.1241 160.2601 158.4956 156.9975 156.0639 155.4215 154.7005 153.953 153.6862 152.8002 152.4942 149.7721 148.9388 147.1434 146.4043 146.0451 144.2022 143.1709 141.5354 139.9526 139.2554 138.2481 135.7692 133.4505 131.0281 132.3681 131.0574 126.7632 123.0742 120.6984 120.4621 119.9754 116.7798 115.1774
197.274 197.2823 196.7117 196.2331 195.811 193.7209 193.0009 192.1709 191.6789 190.7959 186.5486 185.4474 184.0748 183.0228 181.5682 184.6918 181.7029 180.0418 177.7095 176.1157 175.6916 174.209 172.0738 170.7522 170.316 167.7294 164.5052 163.5423 162.3538 160.9718 161.1909 160.0213 158.6965 157.949 156.2456 155.5578 154.9805 154.3129 153.6325 153.1726 153.1206 150.3531 148.9903 147.9835 146.6417 147.3605 146.027 144.5745 142.2941 140.6426 139.7708 138.6069 136.7789 134.3757 131.6617 132.7406 130.2003 126.8777 123.6798 120.7365 118.8674 119.4838 116.9922 113.7961
198.9747 199.6188 198.3021 197.9571 197.4827 195.4527 194.3508 193.4287 192.667 191.7574 188.6517 188.262 186.8959 185.5324 184.3494 185.6651 184.0411 182.1173 181.4116 178.992 175.5399 174.2017 172.4232 170.8305 169.3848 166.8489 165.6463 164.5887 163.4729 162.3954 161.301 159.922 159.2394 158.6226 157.9636 156.4585 155.1131 154.522 153.9242 153.8237 153.5914 151.6485 150.1765 149.1955 148.1845 147.4446 147.1599 145.4054 143.9264 141.832 140.1998 140.3118 137.8621 135.2237 132.7198 133.8023 131.1849 128.4462 124.6255 121.2492 120.1644 119.0721 116.6554 114.2463
195.9706 195.7025 197.2668 196.9766 197.0824 196.0002 193.3426 192.1498 190.9196 189.3211 191.1808 189.2729 187.2471 185.1977 182.895 188.9009 185.9491 183.8466 181.7597 180.9461 181.0677 179.6404 177.7776 175.9662 174.7574 172.1082 170.2259 169.2343 168.2999 167.4201 165.4514 163.5856 162.8605 162.1671 161.6305 160.0007 157.6262 156.9844 156.3358 155.3165 151.862 150.1109 149.0587 147.9747 147.7452 145.4473 145.0541 143.3736 141.6496 140.8726 139.753 140.8098 138.3984 135.9452 130.8669 131.5584 130.155 127.6462 125.1141 121.5513 120.7194 119.3397 116.6547 113.9816
197.4567 197.3312 198.5535 198.6533 199.0678 197.1888 196.1026 193.6562 193.0048 191.7137 192.1561 191.2258 188.1312 185.7477 184.8004 188.9714 187.1398 184.2479 183.4692 181.2879 181.2076 180.6169 177.8241 176.4159 174.5401 172.3835 171.0505 169.2157 168.2528 166.8174 165.4553 164.5501 162.9769 162.4203 161.3626 160.0262 158.5038 157.1329 156.0936 155.6442 151.7696 152.1827 149.7784 149.4937 148.0495 147.2024 146.4426 144.2422 143.8149 140.7086 141.3376 141.2604 138.927 134.9626 133.2238 132.5018 129.8869 128.3058 125.5335 123.2577 121.2935 119.6342 117.1385 114.2573
198.888 200.2713 200.5588 200.7804 200.3003 198.3434 197.2659 196.7104 194.317 193.0749 193.0915 192.0534 189.6906 187.4728 185.4851 189.4204 186.996 186.7697 183.8677 181.6082 180.9101 180.2666 179.0241 176.2046 174.4295 171.6546 171.0422 169.7552 167.4345 166.6375 165.4376 164.5522 163.8744 162.0205 161.4453 159.7833 159.7247 157.6719 156.3221 155.883 152.3978 152.9567 152.7445 149.6351 148.7413 148.7586 147.2174 147.1558 143.8463 141.9057 142.1322 141.0783 138.0936 136.7716 134.0667 133.4779 130.8225 127.9288 126.617 123.876 121.9004 120.0479 117.2728 114.7728
202.0808 201.6216 202.6768 202.5144 201.5134 199.4698 198.8436 197.7435 196.5984 194.4007 194.007 192.4762 191.2649 189.3253 186.9963 189.8445 189.0675 186.5292 184.7455 181.9059 180.6246 180.7129 178.9549 176.8167 174.2882 171.5597 171.0056 168.9776 167.8729 166.4479 165.4026 164.6696 163.3988 162.6601 161.5223 159.7554 159.116 158.8591 157.6379 156.1208 152.9462 153.6747 152.8361 152.1606 149.4394 149.2643 149.6565 147.1703 145.4833 143.1142 142.9595 140.6199 139.2678 137.3786 134.9407 134.4868 131.6185 129.2813 126.4332 124.5292 122.3254 120.4866 117.6951 115.149
202.295 201.342 200.7614 200.4418 200.0639 199.067 197.4909 195.9673 194.4981 193.3575 194.4583 192.5777 190.4377 188.098 185.8242 189.0788 187.5379 186.1405 184.0918 181.473 182.563 181.1688 178.9879 176.8612 175.3606 172.7961 171.9663 169.5314 168.3382 167.3055 166.6685 164.7399 163.9072 163.1037 162.3241 161.2302 159.1832 158.929 158.6795 158.4238 154.8972 155.1886 154.4673 153.7049 152.6771 150.281 149.8665 148.2699 146.6144 144.9008 143.9883 142.7867 140.2139 137.6049 135.5177 135.0593 132.7084 129.8575 126.9287 123.9967 122.8877 121.5247 118.6795 115.8447
203.7039 203.176 202.6941 202.551 202.644 199.5176 198.1315 196.7295 194.563 193.461 194.0334 193.8721 191.1564 188.8 185.93 189.5584 188.0231 185.588 183.1507 182.5929 184.0336 182.1664 180.0739 178.039 177.0192 176.1959 174.1962 172.2511 171.2981 170.1553 170.0242 167.5592 167.129 166.7336 166.91 163.6267 161.1942 160.967 160.7213 159.3142 154.6146 152.5266 152.1648 151.7342 151.1909 148.9422 149.7811 148.1735 146.5039 144.7737 142.0105 142.7753 140.3653 137.9048 135.5831 133.3145 131.7737 128.8396 125.8822 122.8665 123.108 120.5072 117.6406 114.7807
204.6309 204.1791 204.3438 203.9622 202.7462 200.9447 199.0511 197.6073 196.4081 194.1951 196.3256 194.4607 192.2986 190.1667 187.5575 189.8643 187.5688 185.851 185.4799 182.8467 184.7155 181.8524 180.0021 178.8935 176.874 176.1221 174.0774 173.1053 170.8217 170.9456 169.2063 168.593 167.0584 167.4453 166.7899 162.9311 162.9205 161.1124 159.7585 159.4725 155.5512 154.4724 152.7502 152.3165 151.7198 149.8083 150.6621 149.1032 147.4698 145.3442 142.8408 142.7496 141.4793 139.6111 136.8285 134.9095 131.9543 130.1796 127.2982 124.2017 123.7918 120.8424 118.5283 116.5992
205.7036 205.1718 205.7069 204.8293 203.9085 201.768 200.6566 200.1362 197.2162 195.0505 197.2931 195.3412 193.8831 191.0723 188.4717 190.1708 187.8359 187.6478 185.7835 183.0978 184.6413 181.7806 180.5872 178.7859 176.7316 175.871 173.9724 172.3886 172.439 170.6911 169.0254 168.4376 168.6536 166.8575 166.7431 162.9307 162.9129 161.681 159.921 159.6761 156.4793 154.9073 154.5933 152.8174 152.2122 149.758 151.3762 150.02 148.1199 146.2572 143.7258 143.8067 142.2275 140.7087 137.9364 136.3708 133.6206 130.6414 128.6492 125.5496 124.8659 121.8041 119.927 116.9305
206.7811 206.5588 205.9615 205.9889 205.9414 202.6058 202.3269 200.5583 199.0673 195.9079 198.0156 197.0282 194.6071 192.1213 189.115 190.4838 190.5298 187.9615 185.3877 183.1861 184.115 182.7683 180.4853 178.26 176.5971 175.7758 173.5315 173.0654 171.9606 171.216 168.8725 168.9117 168.0017 167.6809 166.7119 162.9604 161.8317 161.6958 161.54 159.9283 156.7999 155.3161 154.9681 154.4751 152.7397 150.3324 152.1179 150.5016 148.9065 147.1645 144.7571 145.756 143.2657 140.7263 139.0611 137.8623 135.238 132.3057 129.1173 126.9089 126.1678 124.077 120.3897 117.3459
208.083 208.0616 208.0178 207.815 207.3396 203.9844 204.3545 201.8956 200.2794 196.9433 198.2681 198.0374 194.6605 192.0234 189.2791 191.6199 191.0868 188.3406 185.7197 183.2074 184.4429 182.6027 180.2583 177.9548 175.3639 176.2762 175.1812 173.5285 170.9582 170.0682 168.111 167.7166 167.4442 167.202 167.0881 162.5048 162.0401 161.2589 161.1965 161.1618 157.1067 154.8589 155.2597 154.3696 153.9462 150.7511 151.0473 149.7559 149.5418 147.3741 145.0778 146.3991 143.8536 141.2642 138.6315 139.3327 136.3935 133.4288 130.4582 127.4595 125.1329 124.1466 120.9938 117.8559
212.7177 209.9808 210.4211 210.1558 207.985 203.3216 203.3975 202.4953 201.1821 198.9164 198.3622 197.3915 194.4288 191.6999 189.4937 193.8069 191.808 189.3992 187.3879 183.3789 184.3168 185.2418 182.7904 180.4003 177.3638 177.8542 175.1667 174.1363 172.9365 171.1757 168.7499 168.3522 167.9803 167.6512 166.4828 161.9218 162.0783 162.2337 162.3792 162.531 156.0104 154.2721 154.1134 153.886 152.8564 150.6954 150.4624 149.3105 148.0843 146.233 144.6964 145.1084 142.9901 140.8237 138.1597 136.2838 134.7513 131.9021 128.6817 125.7883 125.2735 124.461 121.2539 118.0629
211.3498 211.0639 210.5113 210.1955 208.5623 205.9683 204.1046 202.6868 201.5134 199.2253 199.7391 197.9503 195.2272 192.9816 190.4749 194.0523 191.2366 190.3059 187.2169 184.0155 184.6155 183.0074 182.9239 180.4456 178.0755 177.5523 174.8761 173.9088 172.194 171.2567 168.9095 167.7434 167.9877 167.2199 165.9009 162.1036 162.0792 162.2341 161.2995 160.1025 156.9346 154.6002 154.3786 153.5243 153.1577 151.3453 151.1952 149.8833 148.1955 147.8973 145.6806 144.4602 143.9416 141.4274 139.8779 137.7738 134.809 132.8008 129.9617 127.844 126.6817 124.5142 122.5516 119.2143
211.8327 212.5759 211.9664 209.6906 209.1734 206.7549 205.5549 203.3881 200.7918 199.7317 200.5284 198.6862 196.2077 194.054 191.101 194.3281 192.9004 189.2603 186.8939 184.6621 184.9352 183.2422 180.7153 180.5529 178.5403 177.0083 175.0819 172.7983 171.993 171.6482 168.8665 168.2798 166.7977 166.7714 165.5068 162.2898 162.2823 160.9347 160.0041 160.1001 157.2928 155.0042 154.4045 153.8554 153.4435 151.9337 151.7877 150.3614 150.123 148.5318 146.539 145.8982 143.1824 143.2815 140.9351 139.2952 136.0129 133.0767 132.1727 129.1896 128.0872 126.1031 122.6593 121.0168
212.3291 212.5659 211.1141 210.9618 209.8184 207.579 205.923 203.8511 201.7444 199.8211 202.0216 199.4436 197.622 194.9117 191.3851 196.2685 192.7784 189.7491 186.7065 184.1708 184.7298 183.5007 180.8516 178.4422 178.8148 177.2092 174.1809 173.006 172.1894 171.7858 168.8432 167.7449 166.9341 166.1534 165.6216 162.5021 161.0296 160.0731 160.0269 160.1229 157.6562 154.8704 154.769 154.6711 153.7533 152.5852 151.9738 152.3755 151.066 149.1634 147.3931 146.5115 145.5698 143.05 141.9804 140.2807 137.3078 135.6704 132.8915 130.5252 129.649 127.3966 124.7443 121.504
213.2185 211.6852 211.4766 211.2075 208.5096 208.5854 206.3372 204.8029 202.5003 200.6564 201.8938 200.4197 197.7291 194.9724 193.1531 194.766 191.566 188.4373 185.2929 184.1914 183.4563 184.0356 182.9053 180.272 177.7004 177.9169 175.592 174.5984 173.3901 172.0099 168.8147 167.9854 167.6817 166.915 165.709 161.9022 161.901 160.7657 160.8358 160.8612 157.8554 155.5323 155.5115 154.2094 154.3956 152.278 154.9357 153.8036 152.5027 150.9141 149.7973 148.9661 147.0626 145.1351 143.1689 141.4146 140.2725 137.5485 134.3353 131.9538 131.4604 129.5442 126.6495 123.5745
217.09 216.2129 215.3347 215.0974 212.3957 207.9837 207.3678 207.0482 205.568 204.5111 199.3615 198.8018 196.4513 194.109 192.3178 195.1756 193.0364 189.9376 186.8353 183.728 183.291 183.6853 180.877 178.1179 175.418 176.7651 174.6022 173.1077 171.6941 170.0256 167.9457 167.4494 167.0119 166.6186 164.7109 161.1806 161.4659 161.8405 162.2101 162.5739 158.9351 157.8113 157.9206 157.9951 158.0327 155.9266 154.2843 153.5249 152.7134 152.4782 152.2226 150.8174 148.8874 146.399 145.646 143.5906 142.0726 139.4033 136.7247 134.0048 132.4709 130.5212 127.6104 124.7073
216.976 216.5529 215.8359 212.2319 212.1612 207.7084 206.4974 205.9667 205.781 204.4618 199.4976 197.897 196.7343 194.8718 192.3195 195.2683 192.4493 190.3332 187.2911 184.9613 183.7849 183.2561 181.197 178.4733 177.2409 177.5913 175.5675 173.5946 172.188 170.4526 169.1714 167.7732 167.3172 165.8161 165.0985 161.5893 161.7684 162.0173 162.3465 162.5468 159.2941 159.2974 158.3681 158.4193 157.0129 155.648 154.5359 154.0956 154.3975 153.2807 153.0504 151.7816 149.6192 148.7684 146.7787 144.8314 142.9348 140.6019 138.2847 136.0163 134.1954 132.3533 129.3134 126.7549
216.8844 216.379 213.5514 212.4718 211.9961 207.4442 206.2196 205.2377 205.0054 204.0549 199.633 197.9214 196.1248 194.8751 192.3133 195.3726 192.6333 189.7261 188.3402 185.3948 184.2853 183.5298 180.6978 180.0105 177.5835 178.079 176.0439 174.3384 172.0434 170.9407 169.5411 168.9855 167.0679 166.2483 165.4863 161.9986 162.1331 162.2761 162.3603 162.7029 159.6536 159.8657 160.044 157.4206 157.3736 156.9284 155.2957 155.8623 155.1927 154.0844 153.8797 152.7439 152.0331 150.3255 147.9095 147.1093 144.2447 142.1247 139.9013 137.3261 135.4218 134.1209 131.4137 129.3549
216.8509 213.6136 213.2025 212.7374 210.4203 207.1951 206.1817 205.2159 203.6081 202.996 200.1606 198.3297 195.9023 193.4084 192.3311 195.485 192.8901 190.5356 187.6698 185.8239 184.789 183.8095 182.1314 179.5666 177.3573 178.5429 176.5053 174.1909 172.7966 171.4168 169.9016 168.7231 167.8715 166.6696 165.8686 162.4014 162.9179 162.458 162.6243 162.8574 160.0099 160.6087 159.0654 159.1489 157.7415 157.9743 157.6894 156.8729 155.9783 154.8923 153.8056 154.8949 153.2511 151.5663 149.8154 148.4598 145.829 143.739 141.4354 138.6374 137.2215 135.9509 134.212 131.2759
216.5295 214.2962 213.6645 212.9881 212.0616 207.0762 207.0106 205.6518 204.0504 202.3937 200.2343 200.3017 198.0073 195.6795 193.011 192.6184 190.5593 187.7892 186.1054 183.9644 182.3894 183.029 180.2827 178.3945 176.0844 175.2968 174.9111 173.019 171.7476 170.5638 169.1767 167.8507 167.3017 166.4585 165.7696 164.9162 164.0226 164.3485 164.6904 162.7165 162.1679 162.4803 161.695 161.0304 159.9582 158.0895 158.3142 157.984 157.0047 155.9622 154.8684 157.2943 155.9388 154.1487 152.3267 151.2473 149.6667 147.1935 144.7631 142.2703 141.3295 138.4733 136.5412 133.7678
