Tests/Data/MeshGeoToolsLib/Ammer/AmmerGWN.asc
ncols         188
nrows         170
xllcorner     3480850
yllcorner     5375035
cellsize      100
NODATA_value  -9999
[rows 116 to 144 of 170, columns 64 to 127 of 188]
222.6699 220.1991 216.8421 214.6217 212.7982 211.3592 208.5656 206.9554 205.3553 203.7859 199.7566 198.2235 197.6955 196.5843 195.4843 193.7265 191.578 191.2886 190.9654 190.0936 189.9848 189.7394 188.9244 187.9307 188.4589 187.3294 186.0741 186.3948 186.2459 186.3439 183.8938 183.7441 184.0538 184.7427 183.118 181.8824 181.1109 181.7313 182.8734 182.8805 183.0086 180.5654 181.5647 182.1349 182.1181 181.5988 180.3856 180.1586 179.9504 179.1365 179.2659 179.1863 178.9816 178.7766 177.4554 179.0895 180.8002 180.4753 179.5189 178.8047 178.571 179.3446 179.3897 178.687
218.8149 217.7609 215.9572 214.0691 211.8762 209.3147 207.6864 205.9881 205.0827 202.6687 199.9632 199.8161 198.695 197.4456 195.3164 193.1258 192.246 191.4975 190.7484 190.2659 190.1655 189.2046 188.4675 188.1125 187.2921 186.8938 187.1532 186.9275 186.7056 186.489 185.4312 186.5587 185.9136 186.0616 185.1201 185.0117 185.0197 184.1042 183.9549 184.1953 183.3644 183.8031 183.6579 183.5038 184.1217 183.3009 184.3305 184.0475 183.7531 184.2007 183.6138 183.4046 182.9776 182.549 182.9335 182.949 182.4992 182.1599 181.7874 183.201 182.5215 180.882 179.5487 178.996
220.0101 218.0347 216.9024 214.9091 212.1373 210.8142 209.0795 207.6123 205.2638 204.5785 201.9273 200.8152 200.3853 198.4128 197.3187 194.9501 193.3757 193.263 192.8439 191.7807 191.8194 190.8859 190.5044 189.6522 189.3881 188.274 188.8801 188.0962 187.8364 187.9485 188.5659 187.4632 187.7176 186.6251 185.8738 185.7536 184.6837 185.5237 184.8571 184.6196 184.5543 185.0202 183.8878 184.3499 184.1843 183.5044 184.9741 184.2714 184.58 184.3198 183.6999 183.9444 183.0937 183.3591 183.0202 183.0549 182.9611 182.0596 182.4299 182.0441 182.4053 180.7156 179.4634 178.9473
220.8706 219.3099 217.1118 216.0137 213.6662 212.5163 210.7806 208.4808 207.1149 205.5096 203.9057 202.5757 200.6564 200.4142 199.3268 197.027 195.3231 194.8561 194.3935 193.5663 193.4867 193.0476 192.1057 191.6936 190.9457 189.6656 190.1336 189.7917 189.2167 189.0885 189.5466 188.8981 188.293 187.6304 186.6393 186.5004 185.2578 185.7647 185.7814 185.5926 184.9428 185.2385 185.6604 184.4682 184.3057 183.7215 185.1646 185.406 184.7466 184.4692 183.8148 184.016 184.2236 183.4608 183.142 183.192 182.7289 183.2369 182.4406 182.0728 182.2989 180.7092 180.3505 179.181
222.0501 220.0131 218.6053 216.7874 214.9718 214.1959 212.0644 210.4319 208.7989 207.4041 205.6304 203.8796 202.7681 201.6728 201.3363 198.9165 197.7075 196.5977 195.6845 195.8562 195.7733 194.6897 194.1805 193.3266 192.5046 191.0643 191.3896 191.1832 190.9747 190.2327 190.5588 189.5137 188.8577 188.52 188.6331 187.2543 186.3912 186.3746 186.7336 186.6967 185.3424 185.9277 185.7844 185.6568 184.4541 184.5418 185.865 185.5644 185.2281 184.6546 184.3489 184.6623 184.2992 183.9153 183.2929 183.3524 183.4867 183.1163 182.7633 182.1226 182.2126 180.8295 180.5425 180.1043
219.9086 218.3906 216.8564 215.1937 214.9152 213.2474 211.4868 209.2402 208.427 207.5371 206.4276 204.1625 202.5577 201.5712 199.9034 199.6318 199.7042 198.2394 196.2999 195.3724 196.0424 195.5742 195.1333 194.047 193.4623 192.6676 192.0599 191.2368 190.6115 189.8549 190.2868 189.0112 188.7871 188.3923 188.2153 190.5805 189.1088 188.7571 188.3308 187.9896 189.211 189.0533 188.6143 188.8477 187.9939 187.9662 187.5992 187.2508 187.4066 186.8981 187.5321 186.0334 185.5744 185.6718 185.1217 184.7586 183.9325 183.117 183.998 183.6222 182.7997 180.5939 180.4199 179.6666
220.9024 218.2909 216.6723 215.3819 214.0261 214.8956 212.2703 210.5956 209.21 208.6522 208.1832 206.9147 205.4146 204.0039 201.9165 201.3297 200.2916 200.4796 199.3645 198.5278 196.8326 197.2805 196.3569 195.4144 194.7904 193.7366 193.8005 193.1147 192.5208 191.7682 191.3712 190.6886 190.3201 189.9277 189.8452 191.6396 190.9609 190.3124 189.8438 189.5432 190.0293 190.343 189.676 189.2363 188.8767 188.2959 188.5831 188.2395 187.861 187.901 188.0485 187.4495 187.0794 186.692 186.3179 186.4921 185.2552 184.9037 184.5894 184.2925 182.0212 181.3615 181.5344 181.21
222.576 221.339 218.9789 218.43 216.0357 216.8675 215.4846 213.0876 212.1788 210.8515 210.2972 209.0352 207.7711 205.7144 204.2655 203.5713 202.5101 201.5153 201.6691 200.2853 198.7711 199.1122 198.1398 197.5884 196.3739 195.8766 195.4901 194.786 193.8426 192.9977 192.9997 191.9582 191.5137 191.1276 190.6311 192.4023 192.1249 191.2837 190.6875 189.4751 190.6207 191.3091 190.4159 189.7325 189.2988 188.7296 189.248 188.5001 188.6895 188.9576 188.3297 187.6098 187.2709 186.9266 187.2791 186.2128 184.8166 184.9668 185.4386 184.9522 182.2099 181.3109 181.1063 181.5
224.2827 223.0949 222.9261 220.793 218.0597 218.8602 217.5062 217.0223 214.7796 213.052 212.4145 211.1544 209.5198 208.2106 206.6015 205.7168 204.7219 204.0081 202.6681 202.2098 200.7038 200.2043 200.3781 199.1744 198.2445 197.4705 197.1004 196.1877 195.2687 194.5351 194.2828 193.2295 192.7691 192.3101 191.7397 193.1586 192.7683 192.5043 191.1053 190.3553 191.2767 191.8781 191.4132 190.6099 189.836 189.2577 189.4994 189.737 189.6757 189.3138 188.6329 187.7736 187.3394 187.7919 187.4906 186.2958 184.7342 185.3803 184.7647 185.0627 182.424 181.4597 181.2029 180.4131
226.32 225.6909 224.6126 223.5096 221.6195 220.4509 220.4258 219.1096 217.783 215.7614 215.3562 213.1462 211.8282 210.5167 209.2138 207.5792 207.2935 205.972 204.8334 203.6989 202.6849 202.5292 201.388 201.0424 200.0259 199.0605 198.4201 197.5683 196.91 196.2216 195.6382 194.5433 194.0452 193.4924 193.2145 193.9826 193.6496 192.7018 192.2857 191.5695 191.9748 192.4443 191.9977 191.5809 190.8803 189.8277 190.5887 190.6649 189.8772 189.7359 188.9727 188.556 188.1546 187.6906 186.8921 186.4222 184.9208 185.2826 184.8714 184.2727 181.8925 181.0405 180.8789 180.4063
222.4384 222.0558 221.2729 220.7044 220.463 218.5378 217.6477 216.6167 215.663 214.6808 216.4497 214.493 213.1329 211.7651 210.3924 211.415 211.1047 209.6897 208.2875 206.0157 206.2367 204.9498 204.1544 203.0795 202.0141 200.7729 200.1872 199.5248 198.8657 198.0083 199.1266 197.0264 196.0427 194.7514 192.917 196.3859 195.3103 195.1138 193.6185 193.1038 194.0033 193.5556 193.0922 192.2786 191.842 189.5448 191.4479 191.0645 190.6658 189.9547 189.2788 189.2933 188.9407 187.9116 187.4844 185.8781 186.4224 185.9655 186.0816 185.7789 181.9779 181.1728 180.2659 179.7401
223.5435 223.282 222.8405 222.3586 221.5676 220.1507 219.3695 219.0787 218.206 217.3046 218.6329 216.9036 215.9505 214.6146 212.0191 212.5024 211.1634 210.8971 209.2432 207.785 206.7959 205.6356 204.6148 203.3657 201.9527 201.958 201.3748 200.7106 199.9055 199 198.398 197.7117 197.2106 196.698 195.6021 196.7997 196.7446 196.1197 195.4801 194.2382 193.2191 193.6796 193.08 192.4537 190.278 189.2144 190.9451 191.3339 190.0136 189.3472 188.6034 188.1902 187.1873 186.4946 185.954 185.4473 183.3634 182.9899 182.6186 182.4196 181.5748 180.5387 180.9765 180.6498
-9999 -9999 -9999 223.4748 222.9095 222.0614 221.237 220.4267 220.2522 219.647 220.9635 219.6954 218.0203 215.791 214.3572 214.6831 213.3378 211.7765 211.4436 209.768 208.7403 207.4737 206.3987 205.1143 203.6128 203.4956 202.2831 201.5138 201.1116 200.107 199.7625 198.7263 198.2419 197.3746 196.6205 196.2328 196.4294 195.6676 194.247 193.2498 193.8638 192.7218 191.9871 191.5688 189.359 188.7804 189.5504 189.06 189.0481 188.3443 189.3872 186.6099 187.6266 186.0946 185.4981 184.8275 182.0078 182.2213 183.2087 182.7898 180.9097 179.8304 179.5433 180.0481
-9999 -9999 -9999 -9999 -9999 224.2619 223.16 222.3121 221.3451 221.0475 222.8823 222.0204 219.6251 217.8117 216.6771 216.8522 215.2681 213.9448 213.161 211.9832 210.804 209.5251 208.031 206.7212 205.6377 204.3547 203.9577 202.9774 201.9839 201.8789 201.2588 200.4324 198.8217 198.1507 198.1377 197.4281 197.9485 196.2465 195.394 194.6491 193.7476 193.9213 191.6601 190.9115 190.6459 190.0422 190.4507 188.6652 187.9758 189.2486 188.7006 187.4699 186.026 187.022 186.0879 185.2116 182.3263 181.8531 182.2995 183.2178 180.8013 179.9666 179.641 178.9296
-9999 -9999 -9999 -9999 -9999 -9999 -9999 222.4341 222.4478 221.5948 225.1444 223.3575 221.8754 220.3823 218.6101 218.5807 217.44 215.9296 214.5829 213.8248 211.778 211.3065 209.8491 208.5521 207.3668 205.9732 205.3338 204.4077 203.6777 202.9311 202.2685 200.9192 200.233 199.5642 199.1027 198.6348 198.4583 197.5881 196.699 195.949 195.6174 193.8342 193.0518 192.1393 191.37 190.4996 190.2415 189.6569 189.0697 188.4811 189.5032 187.585 186.9413 186.4047 187.0887 185.11 182.6655 182.3219 181.9869 182.5736 180.1977 180.0927 179.2097 178.8563
-9999 -9999 -9999 -9999 -9999 -9999 -9999 -9999 -9999 -9999 220.6834 220.2086 219.3037 218.5415 217.9239 219.9833 218.3766 217.4179 215.4093 214.2829 214.8259 213.3425 211.8751 210.2604 208.0025 210.3346 208.1661 208.0201 207.0706 205.3565 205.0342 204.161 203.3715 202.6022 201.3096 200.2527 199.2321 199.0194 198.1679 197.0711 195.8581 194.3501 193.608 192.9472 192.124 190.5994 190.9457 190.4216 189.8913 190.1492 190.0092 188.4234 187.8705 187.3217 186.7775 185.6749 183.1619 182.7875 182.4182 182.0547 180.3139 179.5662 179.1601 178.7654
-9999 -9999 -9999 -9999 -9999 -9999 -9999 -9999 -9999 -9999 -9999 -9999 221.1206 220.6887 219.8017 222.6611 219.7854 218.4214 216.9285 215.4492 216.125 214.6102 213.1181 211.663 209.7436 210.1612 208.5176 207.3892 206.2184 204.5631 205.317 203.8595 202.9344 202.0308 200.6604 201.744 200.6561 199.8372 199.0279 198.2275 197.1227 194.691 193.9845 193.2708 192.549 191.0036 190.2326 189.2392 188.2416 187.241 186.1366 185.8176 184.8532 183.8846 183.0859 182.0098 183.8046 183.1293 182.2728 181.63 180.288 180.6438 180.012 179.5377
-9999 -9999 -9999 -9999 -9999 -9999 -9999 -9999 -9999 -9999 -9999 -9999 -9999 -9999 222.4634 224.4757 222.2896 219.5555 218.8383 217.8772 217.649 216.1252 214.8328 212.7597 211.3369 211.8449 210.0788 208.9569 207.2078 206.0114 206.6628 204.6972 204.1866 202.6681 201.7907 202.7805 201.5304 200.8464 200.0404 198.5043 197.6661 194.0005 195.0812 194.3718 193.5109 191.8534 190.2869 190.2495 189.2391 187.2883 187.1325 186.981 185.6161 184.6256 183.3062 183.4414 184.496 183.1893 182.7192 181.5154 180.4264 180.5102 180.0169 179.5021
-9999 -9999 -9999 -9999 -9999 -9999 -9999 -9999 -9999 -9999 -9999 -9999 -9999 -9999 -9999 -9999 223.9743 222.3087 220.2723 218.338 219.1752 217.6342 215.4925 214.3796 212.9617 213.082 211.675 209.7997 208.6265 207.5759 207.9965 205.9899 204.215 203.7961 203.0118 203.8625 202.5114 201.5996 200.4319 199.6262 198.616 194.9933 194.1393 195.3279 194.6357 192.7356 191.1459 190.2754 189.0384 188.0829 188.421 187.7111 186.7436 184.9012 183.8712 184.3461 184.7662 183.9543 182.2917 181.6997 180.451 180.5241 179.8452 179.096
-9999 -9999 -9999 -9999 -9999 -9999 -9999 -9999 -9999 -9999 -9999 -9999 -9999 -9999 -9999 -9999 -9999 -9999 221.3711 218.9806 220.6682 218.3901 216.9202 215.4804 213.8792 213.9059 212.3956 211.2211 210.145 209.078 209.3148 206.3797 205.4584 204.4751 204.2179 204.8974 203.4868 202.0892 201.1709 200.7329 199.4881 195.9633 195.1034 194.2752 195.7547 193.5981 191.9523 189.7921 188.9731 188.8778 188.0502 188.4177 186.9118 186.1102 184.4065 184.8802 185.1678 183.7144 182.7684 181.5687 180.5438 180.506 179.493 178.8823
-9999 -9999 -9999 -9999 -9999 -9999 -9999 -9999 -9999 -9999 -9999 -9999 -9999 -9999 -9999 -9999 -9999 -9999 -9999 220.4942 221.213 219.9565 218.4441 216.9045 215.3889 215.7739 214.328 213.1185 211.9222 209.7967 210.6155 208.6975 207.2336 206.3595 205.3575 206.0264 204.7393 203.8818 202.7859 201.3532 200.8218 195.7582 194.8555 193.9591 195.6421 193.6322 190.716 190.0557 189.2035 188.3663 188.8837 188.1579 187.0742 186.0932 184.83 184.0106 184.767 183.7618 182.7766 181.8129 181.3717 180.0673 178.9155 178.3211
-9999 -9999 -9999 -9999 -9999 -9999 -9999 -9999 -9999 -9999 -9999 -9999 -9999 -9999 -9999 -9999 -9999 -9999 -9999 -9999 223.2031 221.0252 219.6865 218.3597 217.0575 216.7298 215.4541 214.2905 212.6477 211.6079 210.6904 208.3545 207.2314 206.122 205.5145 204.7012 202.572 201.526 200.4919 200.2882 198.7559 196.6673 195.824 194.9891 194.1626 193.3843 191.75 191.4976 190.5875 188.2378 188.4861 185.3124 185.4525 184.3619 183.2871 182.5641 181.7188 180.8464 179.8072 178.9699 178.0069 180.1378 178.639 177.8026
-9999 -9999 -9999 -9999 -9999 -9999 -9999 -9999 -9999 -9999 -9999 -9999 -9999 -9999 -9999 -9999 -9999 -9999 -9999 -9999 -9999 222.291 220.1289 219.3263 218.8534 219.3195 216.6935 214.8006 213.7455 212.705 212.4595 209.695 208.1517 207.6647 207.3105 205.3083 203.5479 202.3144 201.2757 201.1357 199.6115 197.5952 196.4372 195.5874 194.9296 191.7714 191.6928 191.0334 190.9492 187.9413 188.744 185.0607 184.8361 184.7399 182.9865 181.8818 182.8621 180.6229 180.0566 178.2586 177.9852 179.8127 178.8889 176.6828
-9999 -9999 -9999 -9999 -9999 -9999 -9999 -9999 -9999 -9999 -9999 -9999 -9999 -9999 -9999 -9999 -9999 -9999 -9999 -9999 -9999 223.1168 221.6536 220.3953 219.199 219.9187 217.8972 216.0236 214.8099 213.7609 213.873 210.5415 209.9874 209.3081 208.263 206.5304 204.4357 203.2123 202.987 201.8499 200.3278 196.67 197.2526 196.3327 195.5897 191.9387 191.9555 190.9661 188.2467 188.186 188.9484 185.3872 184.2812 183.3147 183.0213 182.2219 182.6922 181.8062 178.8053 178.0162 177.7269 179.2104 178.0126 177.5336
-9999 -9999 -9999 -9999 -9999 -9999 -9999 -9999 -9999 -9999 -9999 -9999 -9999 -9999 -9999 -9999 -9999 -9999 -9999 -9999 -9999 223.5679 222.8354 221.2112 219.6352 221.145 218.1195 217.0345 215.9177 214.4802 214.6568 211.8504 210.8722 209.7411 209.1849 207.4368 205.1424 204.8146 203.6291 202.678 201.0001 196.9748 196.3484 197.1873 196.1937 191.8884 192.1524 189.131 188.6945 187.6247 188.075 185.6363 183.507 182.3899 182.34 182.2224 182.7311 180.543 179.4247 177.4927 177.1106 178.2755 177.6862 176.825
-9999 -9999 -9999 -9999 -9999 -9999 -9999 -9999 -9999 -9999 -9999 -9999 -9999 -9999 -9999 -9999 -9999 -9999 -9999 -9999 -9999 -9999 222.5249 221.5463 220.5816 219.9625 218.9596 217.2303 216.2349 215.7153 214.7525 212.227 211.1472 210.084 209.2894 207.3643 205.1386 204.0262 202.9238 202.8761 199.551 197.0359 196.2353 196.0172 195.2623 191.9171 190.8791 190.1104 189.128 187.4384 187.3774 185.5123 184.3852 182.3435 180.7212 182.0386 180.7969 179.3114 178.1384 176.9787 177.2923 177.5654 176.6616 175.7742
-9999 -9999 -9999 -9999 -9999 -9999 -9999 -9999 -9999 -9999 -9999 -9999 -9999 -9999 -9999 -9999 -9999 -9999 -9999 -9999 -9999 -9999 223.1729 221.8506 220.9907 220.0284 219.0223 217.656 215.6386 214.7465 213.9858 211.4624 209.9195 209.391 207.336 207.1447 204.7372 203.2949 202.3335 201.3012 198.4515 198.7556 197.0042 195.5325 194.6434 193.3817 192.9224 191.7171 190.5326 188.6909 187.4728 188.1701 186.2467 184.8403 183.4536 180.7616 179.4844 178.0385 176.6011 176.5748 175.0754 174.9492 173.7738 172.6038
-9999 -9999 -9999 -9999 -9999 -9999 -9999 -9999 -9999 -9999 -9999 -9999 -9999 -9999 -9999 -9999 -9999 -9999 -9999 -9999 -9999 -9999 223.0431 222.196 221.5367 220.5044 219.2227 217.1731 216.2443 215.2502 214.6078 211.4799 211.3798 208.9742 207.6926 207.5382 204.8002 204.1447 202.8928 201.6647 198.5712 198.944 197.2625 195.7475 194.4948 194.1448 193.3296 191.3047 190.0912 189.1728 187.2952 187.5717 186.1181 184.2856 184.0886 179.9541 179.9671 177.3806 177.1212 175.2066 174.7788 175.2468 172.7475 171.5654
-9999 -9999 -9999 -9999 -9999 -9999 -9999 -9999 -9999 -9999 -9999 -9999 -9999 -9999 -9999 -9999 -9999 -9999 -9999 -9999 -9999 -9999 -9999 222.6625 221.8917 220.9408 218.5642 217.6011 216.7064 215.7144 215.1939 212.7718 210.3786 209.5089 208.0068 207.8912 205.293 204.3049 203.4256 201.9786 198.6404 198.8688 197.4754 195.8818 194.2876 193.4493 192.8222 191.6349 189.7505 188.5791 186.651 186.6589 185.4537 184.9866 183.2136 179.0961 178.3902 178.6707 175.5766 174.2734 174.4356 174.5961 172.7673 170.3849
