Tests/Data/MeshGeoToolsLib/Ammer/AmmerGWN.asc
ncols         188
nrows         170
xllcorner     3480850
yllcorner     5375035
cellsize      100
NODATA_value  -9999
[rows 29 to 57 of 170, columns 64 to 127 of 188]
181.891 180.6879 179.0306 177.6732 176.3028 172.5566 171.2205 169.2379 166.67 165.6978 164.0631 163.054 161.3556 159.9042 158.1997 158.3427 157.1354 156.042 154.4473 152.4664 156.0138 156.3077 154.5918 152.3573 150.8643 151.9991 151.0181 149.1871 148.4384 147.3936 142.8545 142.273 140.8442 139.2911 138.5993 136.3644 135.9363 135.1667 133.6671 133.1009 131.7456 133.7879 133.2808 133.6907 133.2008 133.8159 133.7388 133.3727 135.8503 135.7284 -9999 -9999 -9999 -9999 -9999 -9999 -9999 -9999 -9999 -9999 -9999 -9999 -9999 -9999
180.4483 179.049 177.7037 176.323 174.777 171.5752 169.7634 168.3913 166.9971 164.6668 164.3791 162.3752 160.7648 159.5335 158.0337 157.7799 156.9957 155.4554 154.3069 152.4558 156.464 155.8647 154.3084 152.7779 150.5302 151.7533 149.9906 148.826 147.7092 146.9717 142.2263 140.9148 139.9214 139.2753 137.8571 135.6688 134.8683 134.4436 133.0447 132.4091 130.7796 132.5542 132.5027 132.3839 132.5335 133.2812 133.2383 132.9493 132.4593 135.3439 134.679 134.761 -9999 -9999 -9999 -9999 -9999 -9999 -9999 -9999 -9999 -9999 -9999 -9999
178.8604 178.0276 176.1706 175.6551 174.4676 170.8863 169.6611 168.6013 167.2993 165.9737 163.435 163.5358 161.9508 160.3256 158.215 158.9792 158.7088 155.6261 154.6993 153.0824 153.8912 153.1925 152.3167 150.9336 150.0764 150.2425 148.2723 147.8378 146.8775 145.783 141.2658 140.8138 140.0339 139.2567 137.7127 135.1211 133.8389 133.3361 132.2297 132.404 131.4312 132.1938 132.0945 130.9522 130.2409 131.7464 132.5256 132.1516 131.7384 131.292 133.9268 134.2242 -9999 -9999 -9999 -9999 -9999 -9999 -9999 -9999 -9999 -9999 -9999 -9999
178.446 177.6018 176.6825 175.7811 174.1252 171.4286 169.0872 168.1532 166.8734 163.8193 164.2568 164.022 162.4399 160.8173 158.2851 157.5951 156.873 155.3523 153.7832 153.5499 151.5526 150.5024 149.38 148.1122 147.225 147.8034 146.8356 145.5973 144.0044 143.4601 141.135 140.3432 139.7946 139.0721 137.1458 136.1791 135.4409 135.0157 134.5614 133.5635 134.482 133.9965 133.5592 131.8837 132.672 131.7077 132.6161 134.0724 134.1463 134.2278 130.2944 134.3452 134.8789 -9999 -9999 -9999 -9999 -9999 -9999 -9999 -9999 -9999 -9999 -9999
177.5851 176.6655 175.8636 174.9707 173.3119 169.9515 169.0515 167.5401 164.8271 163.4074 163.544 162.2284 161.8678 159.5649 157.9428 156.2851 157.0082 155.4174 154.0748 152.5389 152.7246 151.3712 149.3965 148.4546 148.9195 147.8316 146.9394 145.3362 144.8974 143.708 141.9595 140.2609 139.4515 137.8242 136.9713 135.5461 135.625 134.7758 133.8791 133.3882 134.1055 133.5977 132.073 131.564 130.7303 131.39 132.3968 132.6195 133.9177 134.0595 130.7037 130.875 135.1795 135.8179 -9999 -9999 -9999 -9999 -9999 -9999 -9999 -9999 -9999 -9999
176.7235 175.8069 175.4158 173.6344 172.5232 169.2299 168.2075 166.0186 164.3759 163.3004 163.007 161.6994 160.2578 159.1846 157.3195 157.2439 155.972 155.742 154.1864 152.0549 152.8076 151.4718 150.4222 148.4531 149.2121 147.8737 147.3757 146.4704 145.1987 143.9801 142.1439 141.2663 138.4716 137.5529 137.1525 135.4332 135.1796 134.6724 133.7576 134.1074 132.7898 132.3837 131.7639 130.94 130.5611 131.0782 130.5117 132.4717 132.7029 133.897 131.2118 131.302 131.6642 136.431 137.0865 -9999 -9999 -9999 -9999 -9999 -9999 -9999 -9999 -9999
174.4979 174.0441 172.4201 172.1671 171.2227 169.7211 167.5285 166.2776 164.5444 162.8202 162.1721 161.6392 159.6273 157.4208 156.9455 157.4061 156.2956 154.8757 153.6482 152.2398 153.0717 151.8068 150.5189 151.4147 149.5181 150.5787 148.654 147.3079 145.5237 144.2703 142.855 140.6525 139.6806 137.8951 136.9779 135.098 135.2906 134.769 135.1201 134.2207 132.6449 132.1735 131.2329 130.7691 132.005 130.799 130.3393 130.3557 132.6012 132.9258 131.6083 131.7221 132.4565 132.7988 137.48 133.7978 133.3682 -9999 -9999 -9999 -9999 -9999 -9999 -9999
176.871 175.5079 174.8291 174.14 172.6055 170.8342 168.8923 168.1143 165.5507 164.0747 163.0535 161.0432 160.4414 159.1117 157.7536 157.1703 156.4673 155.2167 153.9415 152.643 151.2405 150.3011 149.148 148.3493 146.7975 147.6941 147.3219 146.1911 145.0838 142.1952 143.1365 142.2206 141.2108 139.666 138.5588 139.6572 137.5364 136.8408 136.0827 135.5803 133.4861 132.6651 132.741 131.592 132.7601 130.3856 129.294 130.0578 130.1833 134.1279 130.2074 130.4318 131.0649 132.2579 132.8792 132.5026 132.2721 133.1685 -9999 -9999 -9999 -9999 -9999 -9999
175.4172 174.6749 173.6616 172.7316 172.2747 169.9521 168.9614 168.1868 167.1558 164.2833 162.7844 162.3974 161.4493 160.2697 157.923 155.48 156.1308 155.0005 153.8385 153.2265 149.6804 149.6938 148.04 147.0368 146.7793 146.9745 145.2961 143.9277 142.5764 141.0083 142.7964 141.1511 140.6597 139.4642 136.802 136.8542 136.8652 137.4769 136.8534 134.6536 136.3566 133.0746 132.7757 132.5879 130.694 129.6488 129.1367 131.0172 131.1555 130.7619 129.5061 131.6594 131.733 132.3742 132.8687 130.5133 130.9456 132.7863 133.5823 -9999 -9999 -9999 -9999 -9999
174.444 173.6896 172.7796 171.626 171.4889 169.2921 168.3357 167.3974 165.1347 163.9828 162.4783 160.6737 160.3524 159.1981 157.6053 155.8112 155.0485 155.2817 155.0187 153.9752 150.6867 150.2675 148.9559 148.6357 147.8028 148.2969 147.0083 145.0892 143.7312 142.3023 144.2097 142.9092 141.1416 139.2785 138.0648 137.9025 137.0402 138.2534 136.2866 136.0808 135.5184 133.4545 133.3643 131.7442 131.531 130.5814 129.9259 130.2262 131.1314 131.4396 130.3586 130.7835 133.0599 132.8566 133.5903 131.2734 131.4907 132.4704 133.3934 134.3394 -9999 -9999 -9999 -9999
174.1671 172.5713 172.1816 171.3479 169.9633 168.6343 167.7123 165.4298 164.3736 163.6873 160.7653 159.6931 158.549 159.2388 157.6835 156.6158 155.4862 155.1155 155.3047 154.3155 151.5077 151.1412 150.8236 149.5859 148.8018 149.0261 148.2103 146.9775 145.0287 143.5878 145.6261 144.2855 141.815 139.9784 139.3453 138.9614 138.0975 135.9733 137.8536 137.1878 135.9057 132.881 132.6661 132.5716 132.2731 130.9106 130.7743 130.1061 130.5406 132.0941 131.1478 131.5543 132.0472 133.5047 134.2605 131.9544 131.999 131.9606 133.1482 134.1022 134.101 -9999 -9999 -9999
173.2246 172.8151 171.2238 170.3725 169.5488 167.9775 166.0077 164.983 163.9732 163.3739 159.6295 159.6954 158.6118 157.0239 157.7159 156.4742 156.5122 155.5674 155.2969 154.0876 152.2762 152.4812 151.7346 151.0006 149.8026 150.3502 149.7134 148.3024 146.919 144.8607 147.0438 144.7573 143.3304 142.0317 140.1591 140.3558 138.2352 137.8631 136.9111 138.303 136.1612 132.6447 132.0278 133.1973 133.1314 130.721 130.537 130.8841 131.2637 131.768 131.4723 131.8341 132.7423 133.7007 133.8591 131.7458 131.4007 132.3421 133.3259 134.6449 134.0062 134.0694 -9999 -9999
174.4263 174.362 173.6444 173.1452 172.4632 168.7075 167.3217 166.462 165.4017 164.6254 161.7904 159.1676 158.3747 157.5464 156.7163 154.2341 153.3536 152.5986 151.8174 151.4135 150.8306 150.8438 150.1234 148.92 147.8169 149.0781 147.6853 147.6036 146.812 145.4151 148.1633 146.3428 145.554 144.1492 142.8579 142.2017 140.5972 139.408 138.1798 136.3533 135.5486 134.6351 134.188 132.1832 133.9281 132.2806 132.1366 132.4007 132.7018 133.0993 131.5472 132.0001 132.9592 134.549 135.496 131.8445 132.2802 133.127 134.0185 134.9572 134.2819 134.196 134.4377 -9999
173.7176 173.0284 172.3354 172.2926 172.3716 169.1552 167.9082 167.5693 167.136 165.4427 163.9806 159.9749 159.6186 158.8866 158.2491 155.2748 154.4679 153.7808 153.4822 152.6661 151.6591 150.0905 149.5308 148.9388 148.0662 149.0255 147.7645 148.4699 147.6062 145.0477 145.8042 144.604 144.9276 143.9785 143.3889 141.6533 140.5926 139.4336 138.2317 137.4608 137.5381 134.9626 134.3177 133.6866 134.4789 132.2077 131.4577 131.1795 130.9258 130.3201 129.7944 129.7371 129.5188 129.3298 131.571 130.4717 130.2785 130.8677 131.49 132.1456 132.9537 131.2837 132.135 132.1741
173.1349 172.42 171.7291 172.0404 172.1433 169.1272 168.609 167.2249 165.7493 165.2771 163.9318 160.4457 159.8002 159.1582 158.6098 155.6344 156.0099 155.1591 154.4338 155.0084 152.8353 152.3422 150.7737 150.0155 149.4049 150.0395 149.621 148.7667 147.4282 146.7686 147.4659 146.2339 145.0231 145.7827 144.6515 143.1408 141.9671 140.7625 140.1229 140.3165 138.6075 136.4268 135.4681 136.0143 135.4573 133.505 132.3606 132.0907 131.4846 131.3378 130.4795 129.9181 130.1196 132.4685 132.6538 131.4516 132.1403 130.8984 131.4693 131.9871 132.4621 132.9282 131.5303 131.4129
173.358 171.847 172.4075 171.6922 171.0912 169.0209 168.5225 167.0679 165.5827 165.1332 163.92 160.9478 160.3477 158.8659 158.9884 157.113 156.5247 156.2643 156.4809 156.5093 154.0135 153.3283 152.7797 151.3081 150.6664 151.3194 150.8477 148.708 148.0819 148.0576 149.1182 147.8599 147.1167 145.7332 146.0015 144.7756 143.429 142.6954 142.7382 141.7631 139.745 137.6461 138.0059 136.9583 136.5901 134.2038 133.3005 132.6223 132.46 132.3266 131.5387 130.4622 132.5388 132.7746 132.9389 131.3466 131.9731 132.3987 131.2725 131.8212 131.887 132.0644 132.7265 131.5424
172.813 173.7393 172.2183 171.4634 170.7527 168.9273 167.6756 167.1844 166.7218 166.6665 163.939 161.4779 161.0111 160.4935 158.8065 158.0212 157.4798 157.8508 158.327 157.487 154.9212 154.1752 153.8061 153.3394 151.9867 153.6248 151.0463 150.5381 149.3634 148.1836 150.7669 150.0979 148.6792 147.3266 145.9819 147.0889 145.5929 145.3016 144.2091 143.1706 140.2217 139.7653 138.999 138.5265 137.7062 135.0427 133.8355 133.5699 133.4096 133.2839 132.1508 132.67 132.7801 132.9338 133.1633 131.1738 131.7313 132.088 132.4873 131.5774 131.2348 131.1909 131.7849 132.3675
176.3405 175.5705 174.788 173.6457 172.9027 169.1131 170.6443 170.4045 170.1686 168.7265 166.0067 163.8156 163.3208 162.8045 162.2657 159.2772 159.5614 159.7463 159.2788 158.7804 155.3444 155.2411 154.9655 154.6546 154.3114 151.9897 152.517 150.5628 149.5747 149.6886 152.8767 151.5129 150.1878 148.8611 147.5518 148.7148 148.0134 146.8621 145.7299 144.6169 141.4795 140.7589 140.2232 139.7145 139.2997 135.5202 134.7094 134.4449 136.4355 136.4954 132.9479 131.6537 133.3178 133.4381 133.1131 130.7046 131.2006 131.4734 131.7761 131.3487 131.2352 129.7434 130.2674 130.7825
176.6465 176.4553 174.7576 174.648 173.8524 173.6073 172.793 172.0548 171.8572 172.4739 169.2115 167.3648 166.1617 165.5394 164.8933 160.7321 161.7177 160.6975 160.2229 160.5532 157.5736 157.3423 156.9351 155.3937 154.8202 152.7291 154.7593 153.6954 152.6141 151.0348 152.1619 151.1403 149.7961 148.448 146.6636 147.4984 147.099 145.8351 144.5747 143.3177 143.0487 141.8568 140.9404 140.0423 140.806 139.3786 137.5761 137.0908 136.6388 136.9835 134.0445 135.0175 134.6034 134.2241 134.8025 131.5442 132.8821 131.7822 131.6752 131.5787 129.4926 130.0459 130.2127 130.3593
177.8783 176.9498 177.1886 175.6097 174.9231 174.0491 173.8389 173.8346 173.7206 172.5606 169.9811 167.855 167.7646 166.3571 164.9983 162.8372 162.7779 162.6674 162.3057 161.7607 158.8248 158.8369 158.3178 157.9406 156.3678 153.8252 154.9317 154.9819 153.3113 152.9368 152.4439 151.8911 151.1008 149.2088 149.3985 149.1312 148.4016 147.1474 145.854 144.0534 144.1365 143.1022 142.0039 142.3237 141.6876 140.1424 138.825 137.721 137.8457 137.4397 137.7204 135.581 134.6699 135.0209 135.2288 132.389 131.7281 131.9614 130.994 132.3768 128.4059 130.1852 128.7538 128.8529
179.5079 178.2598 177.8815 177.5791 175.9364 175.0002 174.7826 175.6479 174.9393 173.6858 170.8047 168.9071 168.2735 167.4447 166.0013 164.1326 163.9277 164.2834 164.3284 163.0009 160.0852 160.0804 159.9895 159.3315 157.939 154.9368 155.9867 154.5063 155.0694 154.1248 153.6566 152.4188 151.1503 151.698 150.5755 150.38 149.7709 148.4396 146.5183 145.2319 146.0957 143.8073 142.6454 142.048 141.1441 141.7657 139.5354 139.4917 138.3677 137.9072 137.745 136.0087 135.7598 135.6247 135.1186 131.4753 130.8165 130.6499 131.7519 131.6001 128.6393 128.4936 128.6562 127.0585
180.9258 180.3518 179.2474 178.4265 178.099 176.1929 177.1793 176.207 175.9053 175.9212 172.3576 169.8801 168.7566 168.2118 168.002 165.5773 165.9439 165.6746 165.2867 165.7215 162.7155 161.367 161.2455 160.8983 160.2024 156.0643 154.6371 155.9754 155.2724 155.3102 154.8716 152.9319 152.8478 152.2532 151.7647 151.8683 151.1601 149.0649 147.7697 146.4272 146.6403 144.9324 143.7955 142.6765 144.0755 142.2729 140.6956 140.1028 139.5354 138.3721 137.7641 136.5841 136.9517 135.8774 134.9903 130.5395 129.8794 130.6548 131.1131 131.3732 126.1913 126.7811 126.6573 126.7827
182.1119 181.1144 180.5519 179.6997 178.3505 178.5386 178.7485 177.4123 177.7208 176.8824 174.8291 173.7986 173.3427 172.7975 173.3506 167.3598 167.6649 166.4681 166.0996 166.5052 164.0592 161.845 161.5753 161.6335 160.8867 158.0158 158.9921 158.1667 157.8028 156.8669 153.4619 153.3167 152.4393 152.6015 151.9254 150.9185 149.7575 149.2068 147.974 146.7386 149.092 146.4988 144.8211 145.4366 144.527 143.369 141.7787 141.0806 140.0904 139.5411 138.6228 137.4639 136.8891 136.3195 135.0857 130.1032 130.0942 130.3649 130.0825 129.7912 124.6651 124.754 124.8563 124.9457
182.9277 182.4592 181.4098 180.5235 178.6789 179.484 178.8618 178.4506 178.2506 176.787 175.4018 174.1996 174.1208 173.7281 173.3401 169.9931 170.4033 170.3923 170.0569 168.6128 163.7755 163.4154 163.2793 163.7857 162.5011 159.4695 159.2943 158.1828 157.0437 156.2058 157.122 155.3168 154.0187 152.7009 151.1329 151.4659 150.3312 149.5422 148.388 147.2468 147.233 147.2536 146.0683 144.9002 144.6623 145.227 143.3947 142.3436 141.3139 140.2654 139.4491 138.3873 137.0619 135.7426 135.9699 133.6701 132.6238 130.818 129.7115 128.5569 125.4851 126.6678 125.9177 125.1457
184.7977 183.581 183.2999 181.1314 180.4452 180.6608 180.2482 180.0946 178.8705 178.1741 176.8316 175.6335 175.6079 175.1711 174.0546 171.3319 170.9408 171.5425 170.5463 170.3858 164.4712 164.7101 164.3321 163.3224 163.5384 159.893 160.2665 159.4496 158.4149 157.2694 157.954 156.6767 155.1201 153.4664 152.0487 152.6179 151.4167 150.0847 149.408 148.25 148.4471 148.405 146.9028 146.4701 144.5134 145.6674 144.8163 142.6792 141.2345 140.4909 140.157 138.1608 136.9576 136.9897 135.6832 132.6221 131.5953 130.5352 128.7093 128.2084 124.2518 125.4576 124.3274 123.6212
186.6499 185.5548 183.0791 182.7098 182.0111 182.4621 182.0167 180.6987 179.8203 179.8227 178.6314 177.2885 176.6083 176.4095 175.6096 172.3348 171.9566 171.0935 172.1392 171.9423 165.7414 166.004 164.6359 164.0871 163.851 160.814 161.1402 160.2202 159.4391 158.3221 158.7784 157.5222 155.9644 154.3597 152.96 153.52 152.3119 151.2148 149.9108 149.1301 149.5014 149.2915 148.7395 146.1336 145.1788 146.4826 145.2623 143.7491 141.7375 140.7398 140.9334 138.1839 138.0985 136.7881 135.4185 131.5954 130.5556 129.3889 128.8914 127.3079 124.1107 123.8242 123.0497 121.7678
188.2587 185.6787 184.7857 183.8978 184.0352 184.3086 183.1257 182.2123 181.7289 181.154 179.4524 178.9876 177.955 177.4194 177.3745 173.7496 172.6991 172.6406 172.1485 173.5247 167.869 165.9315 165.6581 165.1084 164.5332 162.2034 161.896 160.8377 159.7651 159.3572 159.5895 157.9448 156.5854 155.2178 153.8609 154.4155 153.3142 152.1243 150.8307 149.4178 150.5651 150.7556 148.3326 147.3114 145.8422 147.2413 145.2024 144.3119 143.3323 141.0103 141.1143 139.3964 138.0334 136.6686 135.1763 130.5905 129.4257 128.8447 127.8799 126.8499 122.6565 121.9305 121.1675 120.3696
186.4744 185.7137 184.086 182.7154 182.1844 183.2541 182.8607 182.4675 182.077 180.5789 178.6181 177.2062 176.4164 176.1675 177.6363 173.5275 173.6921 173.6298 173.175 173.9585 170.5747 168.6051 167.9256 167.234 166.0629 162.3159 162.0038 160.9531 160.0393 158.9551 156.6887 155.7822 154.62 153.45 152.2605 154.7898 153.3782 152.1327 150.551 149.3598 150.9242 151.1142 149.6935 147.5271 146.231 148.1406 145.6928 144.5508 143.4234 142.3076 140.957 138.243 136.6792 135.1128 133.7361 128.3825 129.2036 128.1612 125.5315 124.3168 120.1288 122.873 121.8225 118.9333
186.598 185.8622 184.4206 183.7971 183.1707 181.5196 180.9303 181.1594 180.8331 180.3433 178.4867 177.5253 177.8356 177.712 177.2628 174.3441 173.4351 172.6945 173.9899 174.1421 170.193 167.5424 166.7854 168.4697 167.4628 163.2028 162.054 161.1106 159.9864 158.8162 157.2999 156.5844 155.9125 154.839 153.8609 153.7102 153.5634 152.1247 150.8199 149.5237 150.4389 149.1561 147.5925 145.2594 142.4848 146.7668 143.5839 141.6914 140.297 138.528 138.2115 137.2631 135.2283 133.5532 131.8708 132.2853 129.3768 127.7373 125.98 124.3218 122.2768 120.8077 119.2178 117.608
