Tests/Data/FileConverter/sresa1b_ncar_ccsm3-example.asc
ncols 256
nrows 128
xllcorner 0
yllcorner -88.9277
cellsize 1.40076
NODATA_value -9999
[rows 48 to 71 of 128, columns 0 to 53 of 256]
1.88087e-05 1.66103e-05 7.4743e-06 5.52746e-06 5.0229e-06 2.26919e-06 1.08523e-06 3.52675e-06 2.30962e-05 1.48812e-05 6.07598e-07 6.32805e-07 4.52017e-06 3.78633e-06 6.37297e-07 3.54232e-09 6.36597e-24 3.82002e-12 1.5174e-08 6.42021e-08 2.10681e-08 3.34024e-08 4.51499e-08 1.43807e-08 4.07475e-10 1.72728e-24 1.9905e-24 6.09023e-08 8.21393e-07 5.06608e-07 8.18355e-07 9.05382e-07 2.51819e-07 2.31649e-10 2.16789e-11 5.74802e-25 1.73033e-24 2.22731e-25 4.5065e-25 2.70389e-07 7.98605e-07 4.63662e-06 4.76813e-06 2.76478e-06 2.90705e-06 4.91222e-06 6.51521e-06 8.44527e-06 1.04063e-05 9.1741e-06 1.66614e-05 2.39617e-05 1.77342e-05 3.11791e-05
1.62849e-05 1.45993e-05 9.92982e-06 1.46313e-05 1.40906e-05 8.34375e-07 4.78119e-07 3.08571e-07 1.85838e-05 1.63889e-05 2.59486e-06 3.27083e-07 1.02737e-06 9.66493e-07 7.7766e-08 1.07574e-11 5.35586e-11 6.84323e-08 6.00866e-08 5.30358e-09 4.48054e-11 3.81218e-24 3.35023e-24 5.03113e-10 9.46607e-25 3.52812e-25 2.08278e-25 2.11636e-07 2.64546e-07 1.30456e-07 1.78658e-07 3.25602e-08 1.82954e-09 2.19989e-24 1.28061e-24 3.15393e-25 3.08075e-07 2.75921e-09 3.99365e-10 3.90108e-07 2.48702e-07 9.24658e-06 1.30757e-05 7.66542e-06 5.4986e-06 5.17137e-06 5.42708e-06 6.77759e-06 7.67975e-06 7.41977e-06 8.50398e-06 2.13974e-05 3.30705e-05 2.35183e-05
3.52693e-05 2.82812e-05 2.66437e-05 3.16495e-05 3.81935e-05 2.65215e-05 2.57225e-05 2.04849e-05 1.72415e-05 1.44131e-05 3.99516e-06 3.29782e-07 6.20478e-07 1.46104e-08 1.5317e-09 3.90852e-08 1.96278e-08 2.94854e-09 5.70427e-08 7.97302e-09 1.85994e-08 5.93684e-24 1.31883e-24 7.78284e-25 2.44596e-26 1.25263e-25 2.47567e-25 5.19766e-08 4.68554e-07 8.72619e-07 8.5724e-10 5.91116e-09 1.6677e-24 9.00474e-08 5.81729e-07 1.29657e-07 4.72194e-07 9.01487e-08 4.35934e-07 3.14397e-07 1.68504e-06 1.99178e-06 4.53005e-06 7.4564e-06 7.82676e-06 5.22038e-06 4.43373e-06 5.37938e-06 6.30034e-06 6.6626e-06 7.24594e-06 1.25145e-05 4.7943e-05 4.99122e-05
5.62488e-05 4.41901e-05 3.96186e-05 3.9044e-05 3.7027e-05 3.8686e-05 2.95741e-05 2.07374e-05 1.9274e-05 1.8607e-05 1.72882e-05 9.93169e-06 6.00925e-06 5.894e-07 1.07916e-06 5.29787e-07 3.39348e-08 5.78421e-08 2.21352e-07 2.41449e-10 8.04627e-24 5.38305e-24 1.67901e-24 1.40089e-24 4.08031e-25 1.97165e-25 4.62519e-25 1.99574e-07 3.45706e-07 8.01856e-07 1.08688e-05 2.92029e-13 2.89617e-10 4.80997e-07 9.55289e-07 3.33022e-07 1.13706e-06 7.61486e-07 5.95673e-06 1.63516e-06 3.20972e-06 4.34576e-06 5.73411e-06 7.01308e-06 6.61262e-06 4.7853e-06 4.36439e-06 5.56644e-06 5.76595e-06 5.49367e-06 6.64212e-06 1.1939e-05 2.15163e-05 8.31962e-05
6.60006e-05 5.81337e-05 5.29695e-05 5.36865e-05 4.26942e-05 5.09579e-05 6.24228e-05 5.29498e-05 4.54709e-05 3.23089e-05 3.07265e-05 3.07114e-05 3.63185e-05 3.50368e-05 2.36086e-05 1.49001e-05 2.66423e-06 3.82115e-06 9.71187e-08 2.53917e-08 6.41729e-08 3.1365e-08 1.34714e-17 1.08545e-16 2.10975e-17 8.06583e-08 4.3414e-10 1.29453e-06 1.02192e-07 3.70155e-07 6.16679e-06 2.28453e-07 1.15349e-07 9.88374e-06 9.49825e-06 2.42462e-06 5.34865e-06 8.23135e-06 6.0744e-06 6.70848e-06 6.32382e-06 6.47514e-06 6.29234e-06 5.65277e-06 4.8862e-06 4.34537e-06 4.49604e-06 4.06694e-06 4.14529e-06 6.46209e-06 6.50142e-06 1.07205e-05 1.07078e-05 4.43851e-05
7.97656e-05 7.46748e-05 7.22661e-05 6.84942e-05 5.49165e-05 4.63174e-05 4.1678e-05 5.93043e-05 6.39211e-05 6.51301e-05 6.37577e-05 5.29022e-05 4.44397e-05 4.31899e-05 4.90434e-05 5.13536e-05 4.25516e-05 1.14027e-05 7.69718e-06 2.0978e-07 2.46019e-07 9.52271e-07 1.18642e-05 4.00334e-05 1.43196e-05 1.64305e-05 1.03797e-07 1.79668e-07 9.98666e-12 7.21366e-07 1.45805e-05 1.16413e-05 4.13788e-06 1.27248e-05 1.19875e-05 9.40934e-06 6.39012e-06 1.22122e-05 7.41926e-06 5.69456e-06 5.74731e-06 6.27874e-06 6.89395e-06 6.07103e-06 5.39079e-06 5.54466e-06 6.14842e-06 5.41424e-06 3.98952e-06 5.0354e-06 3.77572e-06 9.38564e-06 1.93239e-05 3.85046e-05
9.14457e-05 9.5392e-05 9.28358e-05 7.11052e-05 5.95333e-05 7.01992e-05 8.02387e-05 7.13273e-05 6.34751e-05 7.31461e-05 8.05623e-05 6.68665e-05 5.53277e-05 4.77703e-05 4.92423e-05 5.25485e-05 5.64454e-05 4.31947e-05 1.15974e-05 7.88328e-06 6.18187e-06 3.96032e-05 8.27618e-05 9.60784e-05 1.92604e-05 5.88709e-05 7.38414e-06 1.11709e-07 4.23199e-08 6.52725e-09 9.08939e-08 1.86302e-05 2.67231e-06 4.82134e-06 8.59247e-06 1.15668e-05 1.31037e-05 2.3937e-05 3.68509e-05 3.5307e-05 3.26216e-05 3.27984e-05 2.77877e-05 2.26382e-05 1.84682e-05 1.32083e-05 6.15972e-06 3.74459e-06 4.93282e-06 8.23889e-06 1.16015e-05 1.68683e-05 3.27367e-05 3.78898e-05
0.000106087 0.000104159 9.53453e-05 7.81753e-05 6.74573e-05 6.1749e-05 6.92653e-05 7.13979e-05 7.16597e-05 6.53511e-05 5.59207e-05 5.94004e-05 5.91828e-05 6.41583e-05 6.04705e-05 4.73916e-05 5.53186e-05 7.19319e-05 4.4015e-05 2.79494e-05 7.26948e-05 7.44211e-05 8.45519e-05 9.436e-05 3.4451e-05 6.74257e-05 1.41724e-05 3.96957e-06 5.47058e-07 3.63297e-08 7.04306e-08 4.07528e-06 5.97141e-06 8.03932e-06 7.42636e-06 1.18667e-05 1.21873e-05 3.83334e-05 6.40132e-05 6.05157e-05 4.47457e-05 3.64287e-05 3.4287e-05 3.11274e-05 2.51375e-05 1.88437e-05 9.99348e-06 8.23415e-06 1.169e-05 2.47844e-05 2.5159e-05 3.23152e-05 4.83925e-05 4.76897e-05
0.000103122 0.000108878 9.20731e-05 7.20313e-05 6.20854e-05 5.86042e-05 5.20933e-05 5.27173e-05 4.95945e-05 6.52352e-05 6.8152e-05 8.16331e-05 6.39097e-05 8.73047e-05 7.82785e-05 8.42188e-05 7.06825e-05 7.34409e-05 7.1817e-05 6.56112e-05 6.91294e-05 8.56189e-05 0.000113601 0.000137189 2.90942e-05 2.55577e-05 2.09318e-05 9.44803e-06 6.47996e-06 2.56002e-06 6.39623e-08 1.06194e-05 2.07159e-05 3.99213e-05 6.20405e-05 7.86709e-05 8.78284e-05 7.06133e-05 5.80156e-05 4.84187e-05 4.1167e-05 3.81419e-05 3.46793e-05 3.03815e-05 2.50652e-05 2.56597e-05 2.1146e-05 1.72679e-05 1.74242e-05 3.94847e-05 5.15867e-05 5.62224e-05 5.65593e-05 5.8034e-05
9.7203e-05 0.000105262 8.23255e-05 6.82999e-05 6.31041e-05 5.32119e-05 4.67901e-05 5.44676e-05 5.57189e-05 5.84895e-05 6.28811e-05 8.74654e-05 8.38868e-05 0.000100787 7.23355e-05 8.29523e-05 3.74702e-05 1.35337e-05 5.43448e-05 8.22147e-05 9.57175e-05 0.00010572 9.75649e-05 0.000105193 3.72601e-05 1.69303e-05 3.56249e-05 1.79221e-05 1.38818e-05 1.13506e-05 6.08013e-06 2.89217e-05 2.12161e-05 1.08068e-05 4.29927e-06 7.84019e-06 7.17372e-05 7.14997e-05 4.4514e-05 4.50616e-05 3.88405e-05 3.91849e-05 4.90293e-05 5.55175e-05 4.45713e-05 4.46984e-05 4.2587e-05 4.5325e-05 4.42161e-05 5.2503e-05 7.29167e-05 6.69381e-05 7.96172e-05 8.80221e-05
8.87519e-05 8.60666e-05 7.26572e-05 7.42973e-05 6.69283e-05 5.30256e-05 3.95995e-05 3.02096e-05 4.56264e-05 5.6692e-05 6.69962e-05 9.04853e-05 0.000121241 0.000110376 7.49268e-05 6.20207e-05 3.73901e-05 3.47679e-05 5.04239e-05 3.75719e-05 0.000105309 0.00011593 9.96345e-05 9.82688e-05 6.24879e-05 6.96062e-06 2.22507e-05 2.68349e-05 4.8273e-05 9.22227e-05 0.000138054 0.000121769 8.99229e-05 8.79418e-05 9.02323e-05 8.44886e-05 8.03116e-05 4.09624e-05 4.37405e-05 5.26411e-05 4.95821e-05 6.50938e-05 7.85497e-05 7.98073e-05 7.11775e-05 7.02202e-05 8.27521e-05 8.03856e-05 8.43531e-05 8.1852e-05 8.54058e-05 8.39531e-05 8.63238e-05 0.000104632
7.8085e-05 9.48186e-05 8.45e-05 8.40166e-05 7.44906e-05 5.89127e-05 5.79358e-05 4.57388e-05 4.17062e-05 6.98792e-05 7.75162e-05 8.675e-05 0.000124189 0.00011484 8.06681e-05 5.70979e-05 5.14158e-05 5.95635e-05 6.14954e-05 2.61931e-05 6.9982e-05 0.000113559 0.000121752 0.000111003 0.000122649 2.50503e-05 2.14827e-05 3.56861e-05 5.6118e-05 6.89237e-05 6.09242e-05 3.1594e-05 2.5587e-05 1.87783e-05 1.87112e-05 1.6895e-05 3.80935e-05 3.89653e-05 5.54268e-05 6.2225e-05 5.75702e-05 6.84895e-05 7.00497e-05 7.51723e-05 7.21586e-05 8.55868e-05 9.72516e-05 9.15851e-05 8.07502e-05 8.40998e-05 9.22519e-05 8.61668e-05 7.60475e-05 8.09401e-05
6.86976e-05 8.35787e-05 8.29613e-05 0.000105211 0.000114138 8.51176e-05 7.66435e-05 5.18971e-05 3.68237e-05 5.23008e-05 7.30361e-05 8.52992e-05 0.000111499 0.000108852 7.96994e-05 6.50775e-05 5.63148e-05 4.6114e-05 3.91267e-05 3.54528e-05 5.54685e-05 9.43781e-05 0.000114201 0.000106004 0.000113626 0.000100475 6.13405e-05 2.80017e-05 2.66131e-05 3.26619e-05 2.94799e-05 2.35589e-05 4.48973e-05 2.36222e-05 5.73989e-05 5.36236e-05 6.18979e-05 6.6709e-05 6.51579e-05 5.36503e-05 5.0593e-05 5.72466e-05 5.28887e-05 6.49466e-05 7.083e-05 0.000103061 0.000107478 7.67286e-05 6.55671e-05 6.64417e-05 6.91134e-05 6.23356e-05 4.90554e-05 4.80846e-05
5.68508e-05 7.16716e-05 8.03271e-05 8.75966e-05 0.000106065 9.98083e-05 8.33338e-05 5.31863e-05 3.45404e-05 4.18054e-05 6.7905e-05 6.08865e-05 0.000100982 0.000104929 7.3537e-05 7.11651e-05 7.20099e-05 5.06814e-05 5.31416e-05 6.54016e-05 4.79224e-05 8.22056e-05 0.00011219 0.00010734 0.000109167 9.5642e-05 8.08345e-05 7.14846e-05 3.64142e-05 2.8035e-05 2.90531e-05 3.76416e-05 4.83889e-05 7.01684e-05 7.845e-05 8.56148e-05 7.8731e-05 6.64622e-05 6.3672e-05 5.47869e-05 5.12337e-05 5.24084e-05 5.12442e-05 5.5507e-05 5.52423e-05 5.9316e-05 7.37996e-05 7.44929e-05 7.59347e-05 7.48179e-05 7.76787e-05 6.40572e-05 4.83397e-05 4.92068e-05
6.93587e-05 7.6476e-05 8.04352e-05 7.42196e-05 7.36585e-05 6.88332e-05 7.59993e-05 6.47989e-05 2.17926e-05 5.11748e-05 9.53462e-05 6.14473e-05 7.1348e-05 7.63621e-05 6.59606e-05 6.57713e-05 7.94435e-05 5.44674e-05 5.98942e-05 5.3878e-05 5.0323e-05 8.2031e-05 9.2139e-05 9.57101e-05 0.000105229 0.000114321 0.000128412 6.80101e-05 2.59999e-05 2.92961e-05 3.28334e-05 3.58885e-05 5.29699e-05 7.52914e-05 8.98333e-05 9.60971e-05 9.81464e-05 8.75811e-05 7.77627e-05 5.78605e-05 4.94558e-05 4.64636e-05 3.68925e-05 3.68112e-05 2.98908e-05 2.93503e-05 5.09897e-05 7.3434e-05 8.17324e-05 8.80044e-05 9.47749e-05 7.20924e-05 5.124e-05 4.54091e-05
9.04127e-05 7.92112e-05 9.72721e-05 9.89809e-05 8.94219e-05 8.5341e-05 9.01613e-05 5.84392e-05 7.726e-06 1.10711e-05 0.000106136 7.06647e-05 6.83181e-05 8.69277e-05 8.34493e-05 6.89271e-05 7.69938e-05 7.01951e-05 6.56362e-05 4.99679e-05 4.45678e-05 6.7107e-05 7.79091e-05 8.89357e-05 9.53813e-05 0.000116426 8.52418e-05 3.08439e-05 1.36317e-05 4.49146e-05 3.72413e-05 8.64064e-05 9.76445e-05 9.02198e-05 8.75737e-05 8.48046e-05 8.58042e-05 9.26807e-05 7.54501e-05 5.08785e-05 4.30997e-05 3.46478e-05 2.80308e-05 2.9488e-05 2.31854e-05 2.50359e-05 4.12288e-05 6.60915e-05 7.50703e-05 6.75112e-05 7.38911e-05 6.33739e-05 6.23924e-05 6.02296e-05
0.000107004 8.68748e-05 0.000104339 0.000125187 0.000120557 9.54407e-05 8.39192e-05 4.5775e-05 9.11746e-06 1.60977e-05 8.97407e-05 7.62263e-05 7.21628e-05 0.000100656 7.55433e-05 6.70801e-05 7.68717e-05 8.37173e-05 7.39176e-05 6.67711e-05 6.64851e-05 7.18735e-05 5.95483e-05 6.01116e-05 4.93323e-05 2.61615e-05 1.50787e-05 3.32212e-06 2.83556e-06 3.68102e-05 6.9483e-05 0.00011048 0.000125103 9.87754e-05 8.16617e-05 7.62076e-05 7.59969e-05 8.08482e-05 7.05215e-05 4.73095e-05 3.51752e-05 2.89002e-05 2.66664e-05 3.07045e-05 3.46349e-05 3.33947e-05 5.0631e-05 6.3313e-05 6.55037e-05 6.01205e-05 6.07108e-05 5.80526e-05 6.25296e-05 6.91598e-05
9.51842e-05 8.65452e-05 0.000105966 0.000121921 0.000109746 8.8464e-05 7.63599e-05 6.61965e-05 1.64992e-05 2.32738e-05 8.3088e-05 6.53414e-05 7.54198e-05 7.44603e-05 7.02286e-05 6.82448e-05 8.60975e-05 9.29407e-05 7.52936e-05 6.97764e-05 7.95739e-05 5.35516e-05 2.64325e-05 2.4247e-05 7.69083e-06 3.15511e-06 3.6784e-06 2.57745e-06 3.99567e-06 3.20065e-05 7.32969e-05 0.000109256 0.000108024 8.17923e-05 7.48187e-05 5.65489e-05 6.26151e-05 7.97975e-05 8.70352e-05 6.68112e-05 5.40821e-05 4.81876e-05 5.22772e-05 5.24406e-05 4.66645e-05 5.66266e-05 6.67349e-05 6.33419e-05 5.73654e-05 6.65008e-05 6.96267e-05 6.55333e-05 7.33788e-05 9.17504e-05
8.79467e-05 0.000100076 9.18759e-05 8.15903e-05 7.32111e-05 7.87608e-05 9.09622e-05 8.20749e-05 5.97921e-05 7.11492e-05 4.32327e-05 4.89131e-05 8.60327e-05 7.33815e-05 7.81557e-05 8.81234e-05 9.28071e-05 9.20614e-05 7.03148e-05 5.61372e-05 4.93629e-05 1.94709e-05 1.26449e-05 4.01697e-06 1.23295e-06 2.73129e-06 3.8558e-06 3.34577e-06 1.91644e-05 3.0098e-05 7.17905e-05 9.57265e-05 0.00011506 9.60372e-05 8.12205e-05 6.20638e-05 6.4633e-05 8.47099e-05 9.11699e-05 8.91682e-05 9.0163e-05 8.59506e-05 7.02974e-05 5.3827e-05 5.15881e-05 6.03722e-05 6.0531e-05 5.8031e-05 6.02962e-05 6.884e-05 7.77775e-05 8.37458e-05 0.000100304 0.000133478
9.28038e-05 9.22861e-05 7.13125e-05 5.30265e-05 6.07689e-05 8.53147e-05 0.000101261 9.32914e-05 8.03442e-05 5.76847e-05 4.6323e-06 3.13226e-05 9.04016e-05 8.88809e-05 9.63079e-05 9.02691e-05 9.217e-05 9.00614e-05 6.46213e-05 5.51823e-05 1.72783e-05 1.23525e-05 4.0045e-06 2.05088e-06 1.53986e-06 2.62052e-06 3.3225e-06 2.38358e-06 2.78585e-05 4.47123e-05 9.04668e-05 0.000108018 0.000110085 0.000102718 9.83458e-05 9.40773e-05 9.07689e-05 9.95122e-05 0.000111803 0.000112963 0.000115514 0.000100573 0.000101655 9.28801e-05 8.40337e-05 8.34942e-05 8.77406e-05 0.000114214 0.000114811 0.000108572 0.000114184 0.000117204 0.000132463 0.000166993
7.36286e-05 8.45267e-05 7.47639e-05 6.06488e-05 6.22488e-05 8.03314e-05 0.00010037 0.000100932 8.32724e-05 6.03275e-05 4.51703e-05 6.60273e-05 8.04668e-05 7.00064e-05 7.34406e-05 6.90395e-05 6.41218e-05 5.06882e-05 3.73882e-05 3.25645e-05 2.11204e-05 6.65893e-06 1.16177e-06 6.83908e-07 1.69292e-06 2.19606e-06 2.70077e-06 1.85842e-06 1.87966e-05 6.26983e-05 8.51612e-05 8.91874e-05 9.08495e-05 8.97783e-05 9.70675e-05 0.000112187 0.000115338 0.000114387 0.000115763 0.000132748 0.000134149 0.000116534 0.000113761 0.000126844 0.000136599 0.000150226 0.000163356 0.000156253 0.000151998 0.000144876 0.000157178 0.000168381 0.000155146 0.000131947
4.3296e-05 4.95397e-05 5.19479e-05 5.8679e-05 7.33949e-05 9.54317e-05 9.9424e-05 0.000100628 9.27977e-05 5.48666e-05 3.8478e-05 4.42777e-05 5.14889e-05 3.57892e-05 3.59575e-05 3.37882e-05 3.17008e-05 1.4149e-05 1.63719e-05 1.29304e-05 4.93233e-07 7.80255e-07 8.7592e-07 9.75116e-07 1.54562e-06 2.17055e-06 2.62645e-06 1.78255e-06 1.20039e-05 6.67208e-05 7.90274e-05 7.25965e-05 6.72499e-05 7.81198e-05 8.06898e-05 8.41585e-05 9.55067e-05 9.54055e-05 9.54221e-05 0.000108464 0.000135002 0.000135186 0.000129419 0.000139378 0.000143751 0.000160954 0.000165499 0.000154088 0.000141001 0.000128773 0.000115235 0.000121878 0.000113777 0.000100366
1.84848e-05 1.89324e-05 1.87442e-05 3.2405e-05 6.28146e-05 9.86829e-05 0.000103749 0.000101154 0.000113914 7.12779e-05 4.21875e-05 4.42486e-05 3.58311e-05 2.72006e-05 1.62997e-05 1.84303e-05 1.73169e-05 1.08566e-05 3.37409e-06 3.39883e-07 2.36504e-07 4.42174e-07 6.58632e-07 1.51655e-06 2.22832e-06 2.76511e-06 2.85348e-06 1.98063e-06 6.43999e-06 4.73549e-05 6.19368e-05 6.07135e-05 4.83026e-05 4.82092e-05 5.46998e-05 7.18199e-05 8.6917e-05 9.62594e-05 8.74061e-05 8.93014e-05 0.000112028 0.000122185 0.000113011 0.000103471 0.000113745 0.000125489 0.000132505 0.000120779 0.000110908 9.35553e-05 7.39317e-05 7.61891e-05 8.64677e-05 8.3925e-05
2.91705e-06 4.41815e-06 5.68075e-06 9.39073e-06 2.47854e-05 7.54036e-05 0.000111732 0.000124325 0.000133873 8.85696e-05 7.0833e-05 6.05779e-05 2.88075e-05 1.91681e-05 1.68665e-05 2.93284e-06 1.6228e-06 8.38896e-07 3.57496e-07 4.6981e-08 1.03889e-07 4.24376e-07 9.98998e-07 1.62233e-06 2.60129e-06 2.75077e-06 2.65216e-06 2.04365e-06 2.71791e-06 2.84037e-05 5.19805e-05 5.22805e-05 3.45997e-05 2.24616e-05 2.42756e-05 4.04095e-05 7.34505e-05 9.76699e-05 9.32101e-05 8.94226e-05 9.10226e-05 9.0708e-05 8.13972e-05 8.23284e-05 9.45703e-05 0.000100211 9.47417e-05 8.47989e-05 7.67379e-05 6.55262e-05 5.97107e-05 6.17285e-05 7.72638e-05 7.73927e-05
