Tests/Data/FileConverter/sresa1b_ncar_ccsm3-example.asc
ncols 256
nrows 128
xllcorner 0
yllcorner -88.9277
cellsize 1.40076
NODATA_value -9999
[rows 24 to 47 of 128, columns 162 to 215 of 256]
2.98198e-05 2.82507e-05 2.58862e-05 2.55005e-05 2.57621e-05 2.64811e-05 2.73701e-05 2.42664e-05 2.04513e-05 1.83602e-05 1.56133e-05 1.31137e-05 1.14464e-05 1.06451e-05 1.04827e-05 1.09942e-05 1.12267e-05 1.48561e-05 1.42076e-05 1.13994e-05 1.09641e-05 1.08786e-05 1.05749e-05 1.26757e-05 1.52578e-05 1.69577e-05 1.73577e-05 1.63293e-05 1.92155e-05 2.41914e-05 2.65581e-05 2.28452e-05 2.11228e-05 2.18218e-05 2.26157e-05 1.90057e-05 1.91015e-05 2.16025e-05 2.60877e-05 2.76308e-05 3.15612e-05 3.6363e-05 3.88914e-05 4.1788e-05 4.31599e-05 4.18107e-05 3.68053e-05 3.20124e-05 2.78712e-05 2.71093e-05 2.60247e-05 2.54698e-05 2.22462e-05 2.05231e-05
2.75678e-05 2.80543e-05 2.67445e-05 2.77376e-05 2.66876e-05 2.60879e-05 2.45262e-05 2.27984e-05 2.02567e-05 2.0234e-05 2.08294e-05 1.96382e-05 1.44882e-05 1.22536e-05 1.17356e-05 1.19576e-05 1.09245e-05 1.09619e-05 1.12529e-05 9.95954e-06 1.03836e-05 1.08821e-05 1.25237e-05 1.38284e-05 1.63264e-05 1.79742e-05 1.70662e-05 1.82843e-05 2.31581e-05 2.79839e-05 2.37758e-05 2.05828e-05 2.83585e-05 3.5053e-05 3.67904e-05 3.6596e-05 3.44946e-05 3.21017e-05 3.66386e-05 3.85469e-05 3.88858e-05 3.98861e-05 4.90528e-05 4.84272e-05 4.58938e-05 4.28446e-05 3.77483e-05 3.36876e-05 2.82731e-05 2.66261e-05 2.7645e-05 2.88091e-05 2.93476e-05 2.77657e-05
2.61933e-05 2.62823e-05 2.80844e-05 2.75972e-05 2.80962e-05 2.69638e-05 2.63258e-05 2.33197e-05 2.20003e-05 2.03445e-05 1.99017e-05 1.83658e-05 1.59083e-05 1.49402e-05 1.64681e-05 1.63342e-05 1.48611e-05 1.3588e-05 1.38014e-05 1.79796e-05 1.67758e-05 1.70233e-05 1.61551e-05 1.54414e-05 1.58813e-05 1.90968e-05 2.22158e-05 2.77101e-05 3.60586e-05 3.78062e-05 3.28087e-05 3.67955e-05 3.77704e-05 3.76639e-05 3.85849e-05 3.99037e-05 4.25417e-05 3.73947e-05 4.32756e-05 4.58391e-05 4.84699e-05 5.00438e-05 4.84424e-05 4.50258e-05 4.09759e-05 3.69389e-05 3.38167e-05 3.21667e-05 2.99688e-05 2.84486e-05 2.54481e-05 2.36979e-05 2.23293e-05 2.19986e-05
2.20692e-05 2.48739e-05 2.74878e-05 3.05149e-05 2.89201e-05 2.7558e-05 2.83587e-05 2.83911e-05 2.41246e-05 2.1638e-05 2.01318e-05 2.24446e-05 1.89949e-05 1.37869e-05 1.39062e-05 1.31922e-05 1.16375e-05 9.8055e-06 8.57986e-06 1.19927e-05 1.59603e-05 1.77385e-05 1.6727e-05 1.32759e-05 1.45106e-05 1.65481e-05 1.89077e-05 2.47797e-05 3.34432e-05 3.7481e-05 3.15342e-05 3.12882e-05 3.29228e-05 4.0494e-05 4.26704e-05 4.34979e-05 4.34029e-05 3.93995e-05 3.67439e-05 3.8229e-05 4.10572e-05 4.34616e-05 4.35413e-05 3.93866e-05 3.70346e-05 3.71281e-05 3.72727e-05 3.46838e-05 3.00412e-05 2.47998e-05 2.12368e-05 1.83735e-05 1.79204e-05 1.8096e-05
1.96564e-05 2.11707e-05 2.41447e-05 2.6976e-05 2.87211e-05 2.93132e-05 2.93235e-05 2.93634e-05 2.7726e-05 2.65147e-05 2.56092e-05 2.76341e-05 2.78912e-05 2.45313e-05 2.04159e-05 1.77322e-05 1.51251e-05 1.43736e-05 1.36904e-05 1.25545e-05 1.4046e-05 1.43737e-05 1.23473e-05 1.00161e-05 1.09286e-05 1.3463e-05 1.68248e-05 2.21862e-05 3.61509e-05 4.47236e-05 4.52029e-05 4.32165e-05 4.13088e-05 3.73985e-05 3.67898e-05 3.61277e-05 3.1671e-05 3.14281e-05 3.21743e-05 3.35848e-05 3.50341e-05 3.58835e-05 3.39643e-05 3.13506e-05 3.13308e-05 3.37823e-05 3.53773e-05 2.86338e-05 2.72806e-05 2.34429e-05 1.92324e-05 1.70593e-05 1.50687e-05 1.8067e-05
1.69993e-05 1.89163e-05 2.03309e-05 2.25834e-05 2.58206e-05 2.86066e-05 2.9819e-05 3.00732e-05 2.9212e-05 2.93924e-05 3.0749e-05 3.36789e-05 3.20547e-05 2.91907e-05 2.70189e-05 2.81216e-05 2.89368e-05 2.77319e-05 2.64991e-05 2.46549e-05 2.3744e-05 2.24356e-05 1.8805e-05 1.19979e-05 1.6817e-05 2.3905e-05 2.94763e-05 3.76285e-05 4.99484e-05 6.10024e-05 5.97946e-05 5.55648e-05 4.74692e-05 4.2478e-05 3.90469e-05 3.35571e-05 3.1487e-05 3.11564e-05 3.24606e-05 3.54395e-05 4.02211e-05 4.25699e-05 4.29975e-05 4.33298e-05 4.04611e-05 3.69691e-05 3.43409e-05 3.08516e-05 2.67281e-05 2.16803e-05 2.05664e-05 1.98081e-05 2.04465e-05 2.33257e-05
1.4015e-05 1.52547e-05 1.70312e-05 2.02215e-05 2.49121e-05 3.0087e-05 3.31803e-05 3.05242e-05 2.99306e-05 3.26534e-05 3.41851e-05 3.73168e-05 3.80991e-05 3.49659e-05 3.50713e-05 3.7272e-05 3.71453e-05 3.60157e-05 3.21942e-05 2.62312e-05 2.68103e-05 2.65155e-05 2.58909e-05 2.59213e-05 3.10955e-05 3.84064e-05 4.52841e-05 4.51334e-05 4.6304e-05 5.0757e-05 4.99843e-05 4.38667e-05 4.08891e-05 4.08783e-05 3.56221e-05 3.46268e-05 3.74934e-05 3.82779e-05 3.73846e-05 3.74796e-05 4.05201e-05 4.19091e-05 4.14531e-05 3.88132e-05 3.37704e-05 2.85951e-05 2.34941e-05 2.10204e-05 1.95936e-05 1.77238e-05 2.05125e-05 2.35277e-05 2.61174e-05 2.7974e-05
1.102e-05 1.22839e-05 1.38871e-05 1.68481e-05 2.30459e-05 3.06384e-05 3.34068e-05 3.2553e-05 3.3972e-05 3.51986e-05 3.79702e-05 3.97081e-05 3.68429e-05 3.5478e-05 3.63905e-05 3.56452e-05 2.96123e-05 3.03292e-05 3.27039e-05 3.20355e-05 2.96101e-05 3.1082e-05 3.40866e-05 4.07896e-05 4.02114e-05 4.18188e-05 3.96266e-05 3.95383e-05 3.90039e-05 3.7441e-05 3.27673e-05 3.30055e-05 3.94703e-05 3.93534e-05 3.66597e-05 3.63844e-05 3.74905e-05 3.6588e-05 3.3121e-05 3.47245e-05 3.39357e-05 3.21834e-05 3.04027e-05 2.73374e-05 2.61679e-05 2.63398e-05 2.41417e-05 2.14344e-05 2.03622e-05 2.30714e-05 2.52368e-05 2.20873e-05 2.14883e-05 2.38516e-05
7.1516e-06 7.92148e-06 9.18808e-06 1.1051e-05 1.72953e-05 2.60036e-05 3.01393e-05 3.33691e-05 3.44182e-05 3.47585e-05 3.62912e-05 3.7266e-05 3.34537e-05 2.92025e-05 2.89095e-05 2.75757e-05 2.96431e-05 3.49286e-05 3.89487e-05 3.97699e-05 3.8432e-05 4.03268e-05 4.42691e-05 4.11816e-05 4.05581e-05 3.76674e-05 3.72018e-05 3.31652e-05 3.95314e-05 4.2321e-05 4.15662e-05 4.28313e-05 4.60639e-05 4.48005e-05 4.02584e-05 3.66876e-05 3.42674e-05 2.66748e-05 2.3478e-05 2.62554e-05 2.85645e-05 2.76748e-05 2.98813e-05 2.90666e-05 2.58192e-05 2.44124e-05 2.08436e-05 2.40724e-05 2.59553e-05 2.27502e-05 2.07944e-05 2.36925e-05 2.62635e-05 2.80744e-05
4.90079e-06 5.00837e-06 5.91677e-06 7.43037e-06 1.16933e-05 1.77327e-05 2.39242e-05 2.59177e-05 2.62788e-05 2.44728e-05 2.60921e-05 2.53938e-05 2.39951e-05 2.47523e-05 2.73866e-05 2.93622e-05 3.54575e-05 4.15324e-05 4.55688e-05 4.06793e-05 4.05464e-05 3.9463e-05 3.98294e-05 3.4511e-05 3.84465e-05 3.83214e-05 3.64421e-05 4.78917e-05 4.91936e-05 4.68043e-05 4.28912e-05 3.91207e-05 4.21587e-05 3.70322e-05 2.81577e-05 2.48838e-05 2.74457e-05 2.29361e-05 2.2878e-05 2.76277e-05 3.31921e-05 2.77674e-05 3.10043e-05 2.78784e-05 1.50684e-05 1.09696e-05 1.14924e-05 1.42805e-05 1.98664e-05 2.11018e-05 2.23828e-05 2.31959e-05 2.62766e-05 2.82296e-05
3.46157e-06 3.83148e-06 3.63582e-06 5.1847e-06 7.54196e-06 1.20074e-05 1.72737e-05 1.81232e-05 1.61573e-05 1.45766e-05 1.71451e-05 1.74824e-05 2.00282e-05 2.57596e-05 2.85432e-05 2.98558e-05 3.11955e-05 4.26818e-05 4.81584e-05 4.94372e-05 4.6997e-05 3.99387e-05 2.85239e-05 2.47952e-05 2.8554e-05 3.28242e-05 4.13635e-05 4.69237e-05 4.17757e-05 4.38867e-05 4.14495e-05 4.21239e-05 4.31733e-05 3.68377e-05 2.95434e-05 3.09379e-05 3.59554e-05 3.42891e-05 3.35795e-05 2.98261e-05 2.60743e-05 2.35469e-05 2.32372e-05 1.52662e-05 8.22269e-06 7.37024e-06 7.77733e-06 1.85495e-05 1.69553e-05 1.8805e-05 2.19407e-05 2.19744e-05 1.9352e-05 1.77467e-05
2.38472e-06 2.56067e-06 2.73233e-06 3.63563e-06 4.17064e-06 7.12039e-06 1.10769e-05 1.09171e-05 1.10724e-05 9.6325e-06 1.11544e-05 1.23908e-05 1.53692e-05 2.05301e-05 2.3094e-05 2.63737e-05 2.87872e-05 3.89598e-05 2.72493e-05 2.68289e-05 3.47863e-05 4.32229e-05 3.26001e-05 3.2875e-05 3.09494e-05 3.52696e-05 4.19455e-05 4.5091e-05 4.73332e-05 5.18478e-05 5.22543e-05 4.05069e-05 3.58775e-05 3.23493e-05 3.40923e-05 3.36283e-05 3.07662e-05 2.87371e-05 2.98253e-05 2.73823e-05 2.15986e-05 1.57761e-05 6.97889e-06 9.3302e-06 1.78315e-05 2.49141e-05 2.47458e-05 2.42958e-05 2.68806e-05 2.68466e-05 2.39315e-05 1.95388e-05 1.67203e-05 1.60727e-05
2.11766e-06 1.97661e-06 2.3355e-06 2.84452e-06 2.68931e-06 4.19807e-06 5.73568e-06 8.30227e-06 4.76212e-06 5.03765e-06 4.71876e-06 4.90865e-06 6.78158e-06 1.0999e-05 1.50842e-05 1.53477e-05 2.3265e-05 2.42685e-05 2.63451e-05 1.90062e-05 2.53426e-05 2.07137e-05 3.05651e-05 3.58982e-05 3.13807e-05 4.84032e-05 5.13862e-05 4.99065e-05 5.35027e-05 5.82585e-05 5.175e-05 4.9505e-05 5.01967e-05 4.1966e-05 3.30154e-05 3.11438e-05 2.23333e-05 2.48193e-05 2.26456e-05 2.5047e-05 2.55763e-05 9.65123e-06 1.78821e-05 2.86971e-05 3.23458e-05 3.32447e-05 2.70121e-05 2.10474e-05 1.78259e-05 1.69782e-05 1.60294e-05 1.26663e-05 1.04396e-05 1.11715e-05
2.07984e-06 1.85869e-06 2.14822e-06 2.55901e-06 2.51042e-06 2.56431e-06 4.20732e-06 6.59769e-06 3.53218e-06 5.01204e-06 3.60569e-06 3.84613e-06 4.395e-06 3.47331e-06 5.26113e-06 6.66952e-06 1.88262e-05 1.92409e-05 1.83897e-05 1.27798e-05 1.79351e-05 1.80239e-05 1.97773e-05 3.48535e-05 3.92825e-05 5.2634e-05 6.51494e-05 7.27656e-05 6.42075e-05 6.38482e-05 6.47743e-05 5.86609e-05 4.88554e-05 3.35014e-05 3.27986e-05 2.61894e-05 1.86109e-05 3.11986e-05 2.91847e-05 2.32267e-05 2.59475e-05 2.14365e-05 2.94358e-05 3.0166e-05 2.16116e-05 1.95062e-05 1.84546e-05 1.42965e-05 1.11675e-05 1.01274e-05 1.15325e-05 1.21134e-05 1.24033e-05 1.38796e-05
2.46406e-06 1.968e-06 1.99301e-06 2.28294e-06 2.44519e-06 2.635e-06 4.17621e-06 5.48835e-06 1.83937e-06 9.39597e-07 4.47576e-06 4.14089e-06 2.79874e-06 1.42648e-06 2.24259e-06 7.28378e-06 1.59781e-05 1.99346e-05 1.38032e-05 1.41963e-05 1.72461e-05 1.85248e-05 3.55222e-05 4.45643e-05 5.72323e-05 6.6216e-05 7.45257e-05 7.87074e-05 7.5375e-05 6.5123e-05 5.11265e-05 3.87674e-05 2.65606e-05 1.81741e-05 1.82798e-05 1.50397e-05 1.83222e-05 3.5879e-05 2.51708e-05 3.53659e-05 3.83302e-05 4.18667e-05 4.65455e-05 2.98402e-05 1.69515e-05 1.22882e-05 9.98529e-06 1.12275e-05 1.2062e-05 1.16153e-05 1.71693e-05 2.02183e-05 2.4115e-05 2.36415e-05
3.04628e-06 2.44425e-06 2.21361e-06 2.34279e-06 2.8204e-06 2.93174e-06 4.42822e-06 5.04328e-06 4.0806e-06 1.40853e-06 1.00034e-06 6.5192e-08 2.89034e-07 1.83942e-06 2.98517e-06 4.86007e-06 1.25418e-05 1.88526e-05 1.19886e-05 1.73385e-05 1.94294e-05 2.29501e-05 4.9212e-05 5.85813e-05 6.57369e-05 6.97798e-05 7.92195e-05 6.71715e-05 6.13416e-05 4.78247e-05 3.96911e-05 5.1111e-05 3.14741e-05 1.89897e-05 1.45418e-05 9.77633e-06 1.08876e-05 1.07316e-05 3.03202e-05 3.67242e-05 3.86418e-05 4.32728e-05 2.81657e-05 1.27177e-05 6.75125e-06 5.75639e-06 7.2591e-06 8.36612e-06 9.85596e-06 1.24973e-05 1.63353e-05 1.59653e-05 1.51829e-05 1.26755e-05
2.52688e-06 2.34882e-06 2.50107e-06 2.73608e-06 3.08913e-06 3.05953e-06 3.87942e-06 5.03298e-06 5.13586e-06 3.99113e-06 5.62147e-06 4.85344e-06 5.26661e-06 3.58022e-06 3.08697e-06 7.15416e-06 1.23e-05 2.67225e-05 1.4531e-05 1.87217e-05 2.78008e-05 4.58627e-05 5.17914e-05 4.84688e-05 8.38113e-05 8.356e-05 6.59676e-05 6.16107e-05 7.02154e-05 3.56285e-05 2.98542e-05 2.47808e-05 1.41887e-05 1.29999e-05 1.77071e-05 1.28402e-05 9.15702e-06 6.15262e-06 1.61414e-05 2.75595e-05 2.8848e-05 1.73399e-05 6.75913e-06 6.03356e-06 5.83427e-06 6.57309e-06 7.91372e-06 9.25548e-06 8.67455e-06 8.03712e-06 7.96206e-06 8.14566e-06 7.3036e-06 4.72368e-06
1.74993e-06 2.23842e-06 2.41013e-06 2.49812e-06 2.61636e-06 3.0465e-06 3.32564e-06 4.35001e-06 5.0253e-06 5.54719e-06 6.29906e-06 6.86327e-06 3.57724e-06 1.82468e-06 4.75728e-06 8.73684e-06 7.88293e-06 2.99497e-05 1.39339e-05 2.19153e-05 4.49087e-05 6.35789e-05 4.43596e-05 5.98602e-05 9.04176e-05 7.22784e-05 5.43512e-05 6.30939e-05 6.16999e-05 3.46105e-05 1.84043e-05 1.19161e-05 9.81801e-06 3.64121e-06 3.73327e-06 4.65182e-06 3.89169e-06 7.49651e-06 1.0902e-05 1.51166e-05 1.12625e-05 5.49593e-06 5.07226e-06 4.85811e-06 5.01256e-06 5.39353e-06 6.78607e-06 7.8027e-06 6.36191e-06 5.80073e-06 6.98203e-06 6.25687e-06 4.20198e-06 4.69208e-06
1.59556e-06 1.70446e-06 2.07101e-06 2.47181e-06 2.48889e-06 2.56267e-06 2.50391e-06 3.01569e-06 4.13054e-06 4.93902e-06 5.66755e-06 6.76483e-06 4.46539e-06 2.39095e-06 6.55707e-06 6.32078e-06 4.09034e-06 2.02001e-05 2.29689e-05 1.445e-05 3.50175e-05 8.08824e-05 4.77858e-05 6.13017e-05 7.52497e-05 5.48549e-05 4.03512e-05 4.31349e-05 4.25263e-05 2.19864e-05 1.54517e-05 6.75124e-06 7.06147e-06 9.85018e-06 1.15016e-05 2.09046e-06 7.70957e-07 2.70552e-06 3.71988e-06 4.5074e-06 3.40888e-06 5.08605e-06 4.0389e-06 4.13085e-06 5.95239e-06 6.53158e-06 6.34075e-06 5.86152e-06 6.04587e-06 6.225e-06 4.25398e-06 3.4617e-06 3.99777e-06 5.66465e-06
1.53727e-06 1.6092e-06 1.79685e-06 2.13254e-06 2.05204e-06 2.05873e-06 1.98543e-06 1.79521e-06 2.25274e-06 3.04564e-06 3.33815e-06 3.76433e-06 1.43045e-06 9.43649e-07 1.65654e-06 3.29873e-06 2.59115e-06 5.57718e-06 2.30992e-05 2.22107e-05 1.46884e-05 8.07397e-05 5.78226e-05 5.66909e-05 7.07287e-05 4.67295e-05 2.73656e-05 1.36497e-05 7.71479e-06 6.90719e-06 5.6348e-06 5.40331e-06 5.51692e-06 5.588e-06 1.01908e-05 4.51945e-06 1.61381e-06 1.8897e-06 2.75296e-06 3.21938e-06 2.56821e-06 3.00051e-06 3.16653e-06 4.12028e-06 6.2633e-06 7.99079e-06 8.05706e-06 8.33026e-06 7.31958e-06 2.90953e-06 3.14662e-06 4.41669e-06 5.91603e-06 7.69459e-06
1.73603e-06 1.68333e-06 1.39953e-06 1.72465e-06 1.9399e-06 1.92318e-06 1.66239e-06 1.56007e-06 1.89167e-06 2.02845e-06 1.89379e-06 2.31194e-06 1.41819e-06 4.11545e-07 4.29e-07 1.3243e-06 1.1654e-06 9.34638e-06 1.45284e-05 1.06317e-05 1.37439e-05 6.37209e-05 8.43825e-05 6.2439e-05 5.95689e-05 3.52344e-05 1.94063e-05 1.3819e-05 7.97324e-06 5.31742e-06 3.6274e-06 5.08117e-06 5.88422e-06 5.24702e-06 4.82452e-06 2.70192e-06 2.82626e-06 3.26691e-06 3.05952e-06 3.8245e-06 3.34889e-06 3.49444e-06 3.70074e-06 4.57561e-06 3.08742e-06 3.33652e-06 7.69867e-06 1.08864e-05 8.24785e-06 8.21682e-06 9.81709e-06 7.74153e-06 9.79975e-06 1.06841e-05
1.68525e-06 1.69633e-06 1.74258e-06 1.70549e-06 1.62286e-06 1.65558e-06 1.55812e-06 1.48131e-06 1.61994e-06 2.03324e-06 1.47104e-06 1.81588e-06 1.73208e-06 3.84986e-07 2.68877e-07 2.32196e-07 9.8381e-07 8.58561e-06 1.28754e-05 1.02005e-05 1.22384e-05 3.9386e-05 9.87989e-05 7.16203e-05 3.75947e-05 2.193e-05 1.76947e-05 1.50111e-05 1.21714e-05 7.61183e-06 5.1132e-06 4.14718e-06 3.66837e-06 3.218e-06 3.30541e-06 3.22239e-06 3.06379e-06 2.9725e-06 3.25135e-06 4.37688e-06 5.32089e-06 3.99454e-06 3.92291e-06 5.32516e-06 4.97986e-06 6.85337e-06 1.05473e-05 1.45267e-05 1.26807e-05 1.69995e-05 1.86905e-05 2.10387e-05 1.5903e-05 1.93977e-05
2.55498e-06 2.32682e-06 1.67435e-06 1.376e-06 1.57063e-06 1.66214e-06 1.64461e-06 1.29525e-06 1.2149e-06 1.27968e-06 1.42963e-06 1.78853e-06 1.97336e-06 6.72813e-07 5.09006e-07 3.14173e-07 1.79554e-06 6.3648e-06 7.56545e-06 4.17537e-06 5.81346e-06 3.26035e-05 8.49636e-05 7.48969e-05 2.87974e-05 1.99224e-05 1.79564e-05 1.44164e-05 1.05345e-05 7.97597e-06 4.57349e-06 4.04263e-06 3.86521e-06 4.80886e-06 4.53435e-06 2.97428e-06 4.40565e-06 3.69353e-06 3.76119e-06 3.82718e-06 4.34599e-06 3.58641e-06 3.77518e-06 6.35468e-06 1.00746e-05 1.03656e-05 1.11368e-05 1.5456e-05 1.55875e-05 2.10483e-05 2.10532e-05 2.10141e-05 2.1897e-05 3.50365e-05
2.16981e-06 2.10204e-06 1.73904e-06 1.44466e-06 1.29757e-06 1.12987e-06 1.14305e-06 1.3456e-06 1.33216e-06 1.39088e-06 1.85481e-06 1.86844e-06 2.17875e-06 1.62437e-06 4.05303e-07 1.86792e-07 2.9943e-06 7.17824e-06 6.71993e-06 7.01781e-06 3.96137e-06 2.71313e-06 8.29418e-05 9.16533e-05 4.73584e-05 3.95724e-05 2.44323e-05 1.59503e-05 7.69435e-06 5.42181e-06 3.30686e-06 2.80832e-06 5.20809e-06 6.57006e-06 9.10779e-07 1.47225e-06 3.75125e-06 2.58534e-06 2.63923e-06 3.44029e-06 3.50313e-06 4.66037e-06 7.06756e-06 9.0351e-06 1.23407e-05 1.27353e-05 9.74861e-06 1.67489e-05 2.1028e-05 1.71673e-05 1.78431e-05 1.95745e-05 2.79621e-05 2.9328e-05
