Tests/Data/FileConverter/sresa1b_ncar_ccsm3-example.asc
ncols 256
nrows 128
xllcorner 0
yllcorner -88.9277
cellsize 1.40076
NODATA_value -9999
[rows 24 to 47 of 128, columns 54 to 107 of 256]
2.63746e-05 2.25582e-05 1.79644e-05 1.85066e-05 2.06107e-05 2.01132e-05 1.69098e-05 1.70077e-05 1.76473e-05 1.6342e-05 2.07149e-05 2.46789e-05 2.55508e-05 2.42638e-05 2.38708e-05 2.23521e-05 2.13985e-05 1.90319e-05 1.50726e-05 1.3464e-05 1.28109e-05 1.3801e-05 1.2866e-05 1.47595e-05 1.94562e-05 1.76258e-05 1.67283e-05 1.51494e-05 1.54613e-05 1.75563e-05 2.03447e-05 2.07402e-05 2.27789e-05 2.41274e-05 2.47781e-05 2.59741e-05 2.71326e-05 2.53986e-05 2.27191e-05 2.42087e-05 2.50497e-05 2.46199e-05 2.37314e-05 2.36993e-05 2.27206e-05 2.09702e-05 1.74429e-05 1.45558e-05 1.32275e-05 1.36365e-05 1.507e-05 1.64932e-05 1.82174e-05 2.0018e-05
2.22517e-05 2.08597e-05 1.6611e-05 1.80748e-05 2.15088e-05 2.31039e-05 2.18893e-05 1.85235e-05 1.72434e-05 2.34882e-05 2.76316e-05 2.66775e-05 2.60417e-05 2.57807e-05 2.69159e-05 2.73986e-05 2.45559e-05 2.05713e-05 1.3105e-05 1.0869e-05 1.14649e-05 1.17497e-05 1.25734e-05 1.39414e-05 1.29415e-05 1.51169e-05 1.73753e-05 1.8893e-05 1.919e-05 1.97378e-05 1.99894e-05 2.01681e-05 2.11797e-05 2.33743e-05 2.31879e-05 2.56883e-05 2.78342e-05 3.24616e-05 3.15423e-05 3.03425e-05 2.95897e-05 2.96396e-05 3.11435e-05 3.32309e-05 3.35047e-05 2.91488e-05 2.13784e-05 1.84809e-05 2.03692e-05 2.31501e-05 2.54542e-05 2.78016e-05 2.71095e-05 2.50942e-05
2.66081e-05 2.26167e-05 1.86261e-05 1.52138e-05 1.55833e-05 1.65568e-05 1.40775e-05 1.40241e-05 2.14825e-05 3.23129e-05 2.97362e-05 2.44119e-05 2.49085e-05 2.53857e-05 2.52127e-05 2.29578e-05 2.36016e-05 2.17143e-05 1.69923e-05 1.27026e-05 1.20561e-05 1.48151e-05 1.66982e-05 1.77452e-05 1.72393e-05 1.86067e-05 2.02062e-05 2.01014e-05 1.92348e-05 1.72108e-05 1.6409e-05 1.58042e-05 1.78266e-05 2.04244e-05 2.07766e-05 2.06293e-05 2.66476e-05 3.18511e-05 3.61304e-05 3.25679e-05 2.92499e-05 2.74275e-05 2.84629e-05 3.46866e-05 4.12549e-05 4.03906e-05 3.15411e-05 2.73968e-05 2.56238e-05 2.34049e-05 2.59596e-05 2.85704e-05 2.653e-05 2.50782e-05
3.74107e-05 2.85111e-05 2.91968e-05 2.00064e-05 2.03474e-05 1.85175e-05 1.49985e-05 1.93422e-05 3.02252e-05 3.15843e-05 2.43311e-05 2.47223e-05 2.25653e-05 2.12933e-05 2.04671e-05 1.99673e-05 2.35154e-05 2.14348e-05 1.93294e-05 1.65334e-05 2.02309e-05 2.4009e-05 2.25465e-05 2.03153e-05 1.67765e-05 1.5783e-05 1.62049e-05 1.61146e-05 1.57408e-05 1.56627e-05 1.63143e-05 1.71934e-05 2.04509e-05 2.1903e-05 2.08366e-05 2.27381e-05 2.83711e-05 3.48976e-05 3.63085e-05 3.25924e-05 2.83512e-05 2.62832e-05 2.79319e-05 3.40437e-05 4.2391e-05 4.35674e-05 3.23113e-05 2.6338e-05 2.58792e-05 2.71656e-05 2.99253e-05 3.19182e-05 3.26205e-05 3.52178e-05
1.83918e-05 1.79904e-05 2.14617e-05 1.56429e-05 1.54267e-05 1.45618e-05 1.62456e-05 2.2407e-05 2.45489e-05 2.55963e-05 1.99749e-05 2.53809e-05 1.78822e-05 1.29251e-05 1.49986e-05 2.08212e-05 2.41772e-05 2.19999e-05 1.93587e-05 2.03981e-05 2.39477e-05 2.70542e-05 2.34931e-05 2.13894e-05 1.86933e-05 1.63864e-05 1.46743e-05 1.51497e-05 1.70936e-05 1.65106e-05 1.99862e-05 2.30582e-05 2.64559e-05 3.01304e-05 3.19113e-05 3.36778e-05 3.45729e-05 3.47288e-05 3.31371e-05 2.96778e-05 2.85958e-05 2.69362e-05 2.8984e-05 3.47775e-05 4.18096e-05 4.38047e-05 3.52443e-05 3.05673e-05 3.23528e-05 3.4604e-05 3.80641e-05 4.21266e-05 4.58067e-05 4.6841e-05
1.4917e-05 1.33034e-05 1.43266e-05 9.65677e-06 9.44154e-06 1.23054e-05 1.62617e-05 1.74716e-05 1.60727e-05 1.85293e-05 1.89235e-05 1.95101e-05 1.21338e-05 7.96687e-06 8.52251e-06 1.47427e-05 1.94683e-05 1.24519e-05 1.31874e-05 1.64612e-05 1.88552e-05 1.82501e-05 1.49781e-05 1.28796e-05 1.28149e-05 1.40078e-05 1.45895e-05 1.51878e-05 1.61745e-05 1.80435e-05 1.87439e-05 2.55976e-05 3.09624e-05 3.11008e-05 3.12807e-05 3.00069e-05 3.02928e-05 3.65784e-05 3.87228e-05 3.16181e-05 2.91843e-05 2.77843e-05 3.03631e-05 3.3913e-05 4.14225e-05 4.42194e-05 3.8006e-05 3.62999e-05 3.95508e-05 3.88333e-05 4.1211e-05 4.09812e-05 3.94201e-05 3.69718e-05
5.72197e-06 7.40647e-06 1.04699e-05 1.44564e-05 1.54124e-05 1.65706e-05 1.64088e-05 1.89556e-05 1.4756e-05 1.38467e-05 1.28395e-05 1.22261e-05 8.45112e-06 6.26434e-06 5.93287e-06 8.05509e-06 8.58393e-06 8.21718e-06 1.38632e-05 1.75322e-05 1.64324e-05 1.26e-05 9.24903e-06 6.51337e-06 6.81266e-06 9.57294e-06 1.25658e-05 1.5489e-05 1.53923e-05 1.65318e-05 1.73881e-05 2.2467e-05 2.48665e-05 2.69833e-05 3.15808e-05 3.355e-05 3.62184e-05 3.83429e-05 3.80248e-05 3.80222e-05 4.20952e-05 4.84694e-05 4.4587e-05 4.43443e-05 4.89698e-05 4.64276e-05 4.49839e-05 4.04428e-05 3.66296e-05 3.44296e-05 3.4634e-05 3.35186e-05 3.16114e-05 3.2123e-05
8.31688e-06 1.51263e-05 2.75713e-05 2.26878e-05 1.93567e-05 2.22968e-05 2.33744e-05 2.14252e-05 1.54618e-05 8.57028e-06 6.0013e-06 5.30214e-06 4.50354e-06 4.47342e-06 3.89268e-06 2.57133e-06 2.20934e-06 5.13532e-06 1.44147e-05 1.16982e-05 6.32493e-06 6.63559e-06 6.67089e-06 6.13947e-06 8.23995e-06 1.39127e-05 1.69285e-05 1.97506e-05 1.81023e-05 1.89707e-05 1.81263e-05 1.99581e-05 2.10232e-05 2.9114e-05 3.82196e-05 4.31513e-05 4.5812e-05 4.42804e-05 4.37019e-05 4.88384e-05 6.05493e-05 5.93528e-05 5.81982e-05 5.22442e-05 4.73781e-05 4.76247e-05 4.50233e-05 4.22632e-05 4.20476e-05 4.20534e-05 3.85907e-05 3.63589e-05 3.50635e-05 3.49571e-05
2.38108e-05 3.05511e-05 2.4976e-05 2.05004e-05 2.09843e-05 2.00576e-05 1.87821e-05 1.80985e-05 1.07735e-05 4.2106e-06 1.85182e-06 1.06972e-06 1.31269e-06 3.12415e-06 2.60113e-06 1.43078e-06 1.81316e-06 3.29493e-06 1.40679e-05 1.3155e-05 1.20088e-05 8.90051e-06 9.80619e-06 9.67192e-06 1.19439e-05 1.68319e-05 1.74493e-05 1.90501e-05 1.86675e-05 1.97473e-05 2.37791e-05 2.61422e-05 3.2711e-05 3.99914e-05 4.61524e-05 5.06543e-05 4.81681e-05 5.14919e-05 5.72136e-05 6.21765e-05 6.32261e-05 6.00809e-05 5.45704e-05 4.93621e-05 4.73127e-05 4.481e-05 4.35818e-05 5.44992e-05 5.63633e-05 4.90384e-05 4.72372e-05 4.42896e-05 4.30599e-05 4.6795e-05
4.04839e-05 3.53233e-05 2.96932e-05 2.58042e-05 2.54255e-05 1.9661e-05 1.43001e-05 1.11843e-05 1.08052e-05 8.1447e-06 7.31776e-06 6.98302e-06 8.73649e-06 7.06547e-06 3.81159e-06 3.48168e-06 3.62559e-06 4.59751e-06 1.28607e-05 1.20981e-05 9.04012e-06 8.75288e-06 9.10546e-06 1.04458e-05 1.522e-05 1.60413e-05 1.82052e-05 1.84568e-05 2.26554e-05 3.00139e-05 3.38509e-05 3.32231e-05 3.83835e-05 4.92685e-05 6.05738e-05 6.09324e-05 5.95573e-05 6.03804e-05 6.01472e-05 5.38449e-05 4.55089e-05 4.34014e-05 4.09276e-05 3.76651e-05 3.68785e-05 3.64403e-05 4.17676e-05 4.66134e-05 4.53881e-05 3.78306e-05 4.09385e-05 4.86118e-05 5.72583e-05 6.4248e-05
3.60542e-05 3.68435e-05 3.28865e-05 2.2489e-05 1.08245e-05 1.03756e-05 6.16233e-06 1.92437e-06 2.29231e-06 2.1122e-06 4.59725e-06 4.75525e-06 6.36679e-06 7.46456e-06 9.74863e-06 1.13278e-05 1.14106e-05 1.12569e-05 8.93086e-06 5.15805e-06 5.61543e-06 5.80456e-06 1.48949e-05 1.64845e-05 2.22232e-05 2.39905e-05 2.57711e-05 3.17268e-05 3.27805e-05 3.15387e-05 3.12335e-05 3.36132e-05 4.3388e-05 5.12772e-05 5.89809e-05 6.20785e-05 6.26316e-05 5.92445e-05 5.81472e-05 5.07556e-05 4.74676e-05 4.05115e-05 3.27039e-05 2.82738e-05 3.12901e-05 3.49507e-05 4.00493e-05 4.02864e-05 3.81153e-05 3.91274e-05 4.55351e-05 5.46278e-05 6.01818e-05 6.37957e-05
2.93631e-05 3.35754e-05 2.59345e-05 1.36088e-05 7.75264e-06 6.54452e-06 4.22052e-06 2.30242e-06 2.49961e-06 5.35794e-06 9.20447e-06 9.43458e-06 1.09087e-05 1.52496e-05 2.15609e-05 2.7455e-05 2.40849e-05 1.83752e-05 1.1791e-05 5.1915e-06 3.41559e-06 8.18339e-06 1.79607e-05 1.67069e-05 1.65363e-05 2.27556e-05 2.97725e-05 3.54347e-05 3.60114e-05 3.12037e-05 3.44966e-05 3.06201e-05 2.80736e-05 4.27661e-05 4.2915e-05 4.96828e-05 5.29277e-05 5.35282e-05 5.16598e-05 4.9463e-05 4.40047e-05 3.59648e-05 3.09312e-05 3.24106e-05 3.63241e-05 4.11747e-05 5.58816e-05 6.3625e-05 5.82832e-05 5.62093e-05 5.61756e-05 5.33311e-05 5.06271e-05 4.73571e-05
2.46958e-05 4.05791e-05 4.39284e-05 1.69072e-05 8.54919e-06 9.96876e-06 1.7891e-05 4.06575e-05 6.11604e-05 6.85605e-05 5.7169e-05 4.26855e-05 3.97763e-05 3.4606e-05 3.60816e-05 3.80959e-05 3.6128e-05 2.93337e-05 2.11281e-05 1.50818e-05 6.45312e-06 2.2292e-05 2.56368e-05 2.25672e-05 2.37383e-05 2.83264e-05 3.17336e-05 3.58268e-05 3.56095e-05 4.31556e-05 3.83729e-05 2.51136e-05 2.33271e-05 2.62873e-05 3.3055e-05 3.84011e-05 4.67814e-05 5.23387e-05 4.78951e-05 4.28647e-05 3.65959e-05 3.1941e-05 3.37807e-05 4.12234e-05 4.5551e-05 5.22792e-05 6.73127e-05 6.18857e-05 5.71297e-05 5.64863e-05 5.71197e-05 5.38436e-05 4.33182e-05 3.54912e-05
2.59802e-05 4.25095e-05 7.2153e-05 8.34158e-05 8.44027e-05 7.90325e-05 7.24644e-05 6.23782e-05 4.45786e-05 3.84192e-05 4.06935e-05 4.24196e-05 4.35671e-05 4.33925e-05 3.4406e-05 3.72916e-05 4.49267e-05 4.43579e-05 3.3454e-05 3.18984e-05 3.06392e-05 3.74445e-05 3.92363e-05 3.85603e-05 3.115e-05 3.14565e-05 4.09369e-05 3.83186e-05 5.59008e-05 5.67976e-05 5.21196e-05 4.2112e-05 4.31899e-05 2.7766e-05 3.14686e-05 3.67107e-05 4.6629e-05 5.39026e-05 4.79835e-05 4.03157e-05 3.25058e-05 3.41584e-05 4.1526e-05 5.40776e-05 5.88865e-05 6.32367e-05 6.82857e-05 5.74752e-05 4.94782e-05 4.99156e-05 5.06284e-05 4.45281e-05 3.62031e-05 3.21706e-05
3.52566e-05 3.69792e-05 3.89379e-05 4.05251e-05 4.48536e-05 4.79179e-05 3.81829e-05 3.03193e-05 2.61657e-05 2.34047e-05 2.6729e-05 3.38302e-05 3.98736e-05 3.90945e-05 3.40689e-05 3.30747e-05 3.84148e-05 4.47277e-05 4.47062e-05 4.83543e-05 4.50397e-05 4.04201e-05 4.36557e-05 4.02741e-05 3.99993e-05 4.62353e-05 4.63224e-05 5.56627e-05 6.03527e-05 6.03659e-05 5.65621e-05 4.34692e-05 3.33943e-05 3.17177e-05 3.64684e-05 3.96209e-05 4.77424e-05 5.21479e-05 4.41165e-05 3.56958e-05 3.61118e-05 4.02483e-05 5.50946e-05 6.95144e-05 7.49774e-05 6.74058e-05 6.54973e-05 5.14242e-05 4.83002e-05 4.63696e-05 4.131e-05 3.96964e-05 3.76511e-05 3.90261e-05
2.52681e-05 2.97773e-05 3.30158e-05 2.93073e-05 2.45057e-05 2.32778e-05 2.49673e-05 2.60411e-05 2.64328e-05 2.35101e-05 2.91781e-05 3.01625e-05 3.16004e-05 3.59514e-05 3.4942e-05 3.18947e-05 3.14595e-05 3.84179e-05 5.27787e-05 5.98974e-05 5.50737e-05 4.53916e-05 3.49403e-05 3.22452e-05 3.61061e-05 4.9492e-05 5.97968e-05 6.08645e-05 6.21661e-05 6.38293e-05 6.53143e-05 6.03385e-05 4.30864e-05 4.0753e-05 4.15275e-05 4.03918e-05 4.27342e-05 4.25713e-05 3.6059e-05 3.52536e-05 4.12203e-05 5.47007e-05 7.71317e-05 8.63747e-05 7.87445e-05 6.36999e-05 5.46142e-05 5.32209e-05 5.16909e-05 4.829e-05 4.59722e-05 3.93297e-05 3.94493e-05 4.06007e-05
1.44637e-05 1.60543e-05 2.47327e-05 3.17369e-05 2.54816e-05 1.85987e-05 1.63957e-05 1.8819e-05 2.39546e-05 2.51241e-05 2.49868e-05 2.4451e-05 2.69891e-05 3.53742e-05 4.30253e-05 4.20746e-05 4.04883e-05 4.8029e-05 6.74404e-05 8.46248e-05 7.1578e-05 4.74747e-05 3.72504e-05 3.52335e-05 3.58082e-05 3.95176e-05 4.66263e-05 5.45804e-05 5.99075e-05 7.27549e-05 7.98065e-05 7.89856e-05 6.36182e-05 3.79851e-05 2.89316e-05 2.70709e-05 2.52731e-05 2.81223e-05 3.82961e-05 5.02525e-05 5.68052e-05 6.11821e-05 8.5037e-05 9.27941e-05 7.91456e-05 6.03171e-05 5.34522e-05 5.2103e-05 4.64614e-05 3.59132e-05 3.39988e-05 2.78235e-05 2.89942e-05 2.04524e-05
4.056e-05 1.80493e-05 1.0422e-05 1.40555e-05 1.74425e-05 1.6964e-05 1.5716e-05 1.14874e-05 8.20242e-06 7.0533e-06 1.0084e-05 1.58012e-05 2.28941e-05 3.28953e-05 4.97194e-05 5.58147e-05 5.11818e-05 5.63261e-05 7.2975e-05 0.000112109 7.009e-05 5.3231e-05 4.97848e-05 4.98596e-05 4.31995e-05 4.65852e-05 5.74752e-05 6.58643e-05 6.75765e-05 7.42744e-05 8.45947e-05 7.67744e-05 5.80894e-05 2.10523e-05 1.68286e-05 1.84851e-05 3.15777e-05 4.91369e-05 6.47934e-05 7.94214e-05 8.27194e-05 9.31809e-05 0.000103399 9.35053e-05 6.24374e-05 4.19165e-05 3.47613e-05 3.07416e-05 2.4478e-05 2.33219e-05 2.51323e-05 1.94357e-05 1.71962e-05 1.34841e-05
7.03862e-05 6.35538e-05 2.17051e-05 9.71618e-06 5.34078e-06 5.47176e-06 6.81075e-06 6.31047e-06 4.03472e-06 3.10935e-06 4.33929e-06 5.773e-06 1.92852e-05 6.14887e-05 8.51374e-05 6.88939e-05 5.24985e-05 4.75649e-05 6.5859e-05 0.000103954 5.92417e-05 4.4832e-05 4.61632e-05 5.17413e-05 4.96279e-05 5.27237e-05 6.36113e-05 7.55085e-05 6.50047e-05 6.99053e-05 6.34353e-05 4.88053e-05 4.54214e-05 2.36581e-05 2.28099e-05 3.04448e-05 4.52654e-05 7.21761e-05 9.96692e-05 0.000120257 0.000111869 8.70275e-05 6.74667e-05 5.02905e-05 2.96459e-05 2.32622e-05 1.82626e-05 1.56211e-05 1.32163e-05 1.38796e-05 1.16408e-05 1.24029e-05 1.34136e-05 1.20631e-05
5.80551e-05 3.53291e-05 4.28113e-05 1.63288e-05 6.51096e-06 2.17335e-06 1.42245e-06 1.67748e-06 1.22541e-06 8.10941e-07 6.01211e-07 8.70536e-06 8.37212e-05 0.000108336 8.28644e-05 5.57843e-05 4.69279e-05 3.38439e-05 4.27331e-05 8.10542e-05 4.61361e-05 2.9052e-05 3.28112e-05 4.64008e-05 4.01214e-05 4.8876e-05 6.51418e-05 6.72088e-05 5.35476e-05 5.2429e-05 4.7206e-05 4.2977e-05 3.94013e-05 2.22819e-05 2.74459e-05 4.01114e-05 6.31816e-05 8.86141e-05 0.000104431 9.47499e-05 5.866e-05 4.03454e-05 2.77241e-05 2.32233e-05 1.9085e-05 1.47749e-05 1.5363e-05 1.10638e-05 9.53846e-06 1.14218e-05 1.00795e-05 1.0226e-05 1.11613e-05 1.13006e-05
5.65678e-05 6.97814e-05 6.63452e-05 6.43577e-05 2.93637e-05 3.01589e-05 3.76196e-05 6.04202e-05 7.14798e-05 8.49165e-05 0.000104231 0.000105476 7.9101e-05 5.15652e-05 3.15945e-05 2.34516e-05 2.26489e-05 2.1929e-05 2.6621e-05 3.13137e-05 6.15443e-05 4.42578e-05 4.6143e-05 4.74836e-05 4.6288e-05 4.59838e-05 4.91776e-05 4.20885e-05 3.76393e-05 4.75789e-05 4.49444e-05 3.4254e-05 2.55006e-05 2.76595e-05 4.74466e-05 6.47955e-05 8.07379e-05 8.57938e-05 6.6046e-05 3.68535e-05 1.90599e-05 1.69904e-05 1.93147e-05 1.93659e-05 1.64673e-05 1.47782e-05 1.27311e-05 8.99793e-06 1.13361e-05 1.31823e-05 1.21851e-05 1.08439e-05 1.29679e-05 2.33e-05
3.67594e-05 7.68185e-05 9.61518e-05 0.000105398 9.22639e-05 8.09113e-05 8.52176e-05 8.24281e-05 5.43691e-05 3.96988e-05 2.69648e-05 1.78696e-05 1.62997e-05 1.46892e-05 2.32623e-05 2.00761e-05 1.54768e-05 1.69448e-05 1.00916e-05 1.53531e-05 3.28252e-05 4.94772e-05 5.95302e-05 6.09591e-05 4.55207e-05 3.49689e-05 4.11539e-05 3.67354e-05 3.99776e-05 4.99225e-05 4.17303e-05 2.8809e-05 3.26144e-05 4.7841e-05 7.98765e-05 8.86561e-05 8.39547e-05 5.58311e-05 3.1041e-05 1.77808e-05 1.62072e-05 2.01118e-05 2.35207e-05 2.49253e-05 2.01154e-05 1.71225e-05 1.53659e-05 1.36865e-05 1.48802e-05 1.42877e-05 1.17542e-05 1.2454e-05 2.24021e-05 3.10151e-05
3.78273e-05 4.14762e-05 4.1343e-05 8.76619e-05 0.000113964 0.000105809 8.74413e-05 8.1709e-05 8.06466e-05 6.59327e-05 6.64268e-05 6.76524e-05 6.49287e-05 6.99127e-05 4.79149e-05 2.80723e-05 1.96938e-05 1.55184e-05 4.98931e-06 1.71176e-05 3.61119e-05 7.00121e-05 6.21367e-05 2.8251e-05 3.78083e-05 3.81669e-05 4.31475e-05 4.51543e-05 4.9854e-05 5.93803e-05 4.75933e-05 4.41475e-05 6.55354e-05 8.57195e-05 9.82702e-05 8.97603e-05 5.6896e-05 3.04641e-05 2.03521e-05 1.79194e-05 1.85775e-05 2.12058e-05 3.28457e-05 3.56476e-05 2.60241e-05 2.13053e-05 1.98404e-05 2.02039e-05 2.12014e-05 2.19893e-05 2.09926e-05 2.93527e-05 3.50481e-05 3.49685e-05
4.96333e-05 4.358e-05 5.90184e-05 7.82683e-05 9.55269e-05 0.000110364 0.000120594 0.000133588 0.000167668 0.000154093 0.00010353 6.83631e-05 6.7286e-05 5.40811e-05 2.84479e-05 2.30149e-05 2.10405e-05 2.30845e-05 3.14964e-05 4.49399e-05 5.82697e-05 5.97661e-05 3.95338e-05 2.53877e-05 4.35662e-05 3.98589e-05 4.72509e-05 5.20039e-05 6.0778e-05 5.41256e-05 5.95909e-05 7.58171e-05 8.48889e-05 9.35809e-05 8.72313e-05 7.00226e-05 4.51413e-05 2.50745e-05 2.42781e-05 2.7534e-05 3.0223e-05 3.3538e-05 4.49602e-05 4.7304e-05 3.72953e-05 3.2655e-05 3.55818e-05 3.8491e-05 4.07865e-05 4.43901e-05 4.73455e-05 4.88247e-05 4.4263e-05 4.13487e-05
