Tests/Data/FileConverter/sresa1b_ncar_ccsm3-example.asc
ncols 256
nrows 128
xllcorner 0
yllcorner -88.9277
cellsize 1.40076
NODATA_value -9999
[rows 96 to 119 of 128, columns 108 to 161 of 256]
3.40553e-05 3.19448e-05 3.09949e-05 3.06016e-05 2.99879e-05 2.96946e-05 2.98561e-05 2.90874e-05 3.09069e-05 3.92887e-05 5.29913e-05 6.31586e-05 6.10479e-05 5.46011e-05 4.81192e-05 4.5848e-05 4.42411e-05 4.3798e-05 4.35173e-05 4.25008e-05 4.19977e-05 4.55032e-05 5.0819e-05 5.3485e-05 5.28368e-05 4.82119e-05 4.37652e-05 4.37705e-05 4.80914e-05 4.72388e-05 4.01813e-05 3.65975e-05 3.90077e-05 4.2949e-05 4.48772e-05 4.89014e-05 4.87812e-05 4.45074e-05 4.02959e-05 3.64368e-05 3.30044e-05 3.3881e-05 3.66471e-05 3.69495e-05 3.28357e-05 3.1329e-05 3.33788e-05 3.19959e-05 3.40286e-05 4.21941e-05 5.92014e-05 6.56215e-05 6.49043e-05 6.73455e-05
3.0311e-05 3.04842e-05 3.08665e-05 3.19375e-05 3.34109e-05 3.48908e-05 3.41668e-05 3.18919e-05 3.14075e-05 3.62796e-05 4.45439e-05 4.89824e-05 4.50212e-05 4.17551e-05 4.01865e-05 4.18342e-05 4.62778e-05 4.86473e-05 4.89211e-05 4.6198e-05 4.22417e-05 4.05777e-05 4.38409e-05 4.86096e-05 5.07765e-05 5.03509e-05 4.69153e-05 4.31226e-05 4.2631e-05 4.67434e-05 4.47142e-05 3.68955e-05 3.37879e-05 3.80615e-05 4.23297e-05 4.53475e-05 4.78289e-05 4.75322e-05 4.30587e-05 3.84595e-05 3.64569e-05 3.56219e-05 3.50097e-05 3.29679e-05 2.91797e-05 2.78261e-05 3.1885e-05 2.98107e-05 3.07132e-05 3.42115e-05 4.18351e-05 5.11536e-05 5.69859e-05 5.25464e-05
3.27242e-05 3.28117e-05 3.29484e-05 3.30856e-05 3.33124e-05 3.32217e-05 3.28226e-05 3.22892e-05 3.24225e-05 3.3998e-05 3.71626e-05 3.88885e-05 3.52922e-05 3.15834e-05 3.02128e-05 3.02973e-05 3.27183e-05 3.48439e-05 3.68171e-05 3.87437e-05 3.95985e-05 3.84228e-05 3.68902e-05 3.87507e-05 4.2562e-05 4.57854e-05 4.80656e-05 4.76545e-05 4.55242e-05 4.38261e-05 4.30202e-05 3.80628e-05 3.10303e-05 2.98025e-05 3.38208e-05 3.79995e-05 4.34633e-05 4.79185e-05 4.86974e-05 4.45276e-05 4.14917e-05 4.16836e-05 4.24816e-05 3.96114e-05 3.53124e-05 3.06799e-05 3.23354e-05 3.08486e-05 2.87136e-05 3.15719e-05 3.50224e-05 3.91598e-05 4.24907e-05 3.99901e-05
3.79764e-05 3.89293e-05 3.84931e-05 3.7052e-05 3.6045e-05 3.55739e-05 3.46281e-05 3.42497e-05 3.29983e-05 3.18714e-05 3.31648e-05 3.28387e-05 2.97474e-05 2.85361e-05 2.78084e-05 2.89531e-05 3.05875e-05 3.37375e-05 3.39719e-05 3.35315e-05 3.52938e-05 3.59597e-05 3.47198e-05 3.48149e-05 3.83421e-05 4.17833e-05 4.36805e-05 4.56402e-05 4.74178e-05 4.8174e-05 4.87858e-05 4.49444e-05 3.64532e-05 2.90926e-05 2.88633e-05 3.33839e-05 3.88471e-05 4.36521e-05 4.77641e-05 4.73681e-05 4.15426e-05 3.91324e-05 4.11023e-05 4.23885e-05 4.13682e-05 3.9003e-05 3.71578e-05 3.61934e-05 3.20719e-05 3.10079e-05 3.2138e-05 3.35753e-05 3.29062e-05 3.38127e-05
4.27973e-05 4.20025e-05 4.09882e-05 4.08894e-05 4.08272e-05 4.09293e-05 4.0112e-05 4.00504e-05 3.96268e-05 3.91649e-05 3.76117e-05 3.62762e-05 3.50385e-05 3.41077e-05 3.3457e-05 3.48821e-05 3.648e-05 3.63821e-05 3.53819e-05 3.40068e-05 3.42752e-05 3.46664e-05 3.53875e-05 3.48581e-05 3.57457e-05 3.87512e-05 4.28207e-05 4.421e-05 4.52005e-05 4.75138e-05 4.94731e-05 4.72969e-05 4.28355e-05 3.56937e-05 3.02791e-05 3.2393e-05 3.96869e-05 4.63315e-05 4.92838e-05 4.77869e-05 4.34288e-05 3.84347e-05 3.77578e-05 3.97198e-05 4.24172e-05 4.23326e-05 4.21017e-05 4.22847e-05 3.7884e-05 3.59455e-05 3.70358e-05 3.73259e-05 3.23034e-05 2.76887e-05
4.28454e-05 4.24588e-05 4.26898e-05 4.20472e-05 4.23687e-05 4.24536e-05 4.30888e-05 4.40667e-05 4.5105e-05 4.66109e-05 4.91379e-05 4.98129e-05 4.75185e-05 4.56454e-05 4.51723e-05 4.50069e-05 4.43077e-05 4.18383e-05 3.93639e-05 3.92661e-05 3.85997e-05 3.90806e-05 3.97948e-05 3.95039e-05 3.92019e-05 3.88548e-05 3.87657e-05 4.1638e-05 4.59225e-05 4.77477e-05 4.87421e-05 4.99987e-05 4.77227e-05 4.28396e-05 3.68951e-05 3.3131e-05 3.51135e-05 4.14215e-05 4.86036e-05 5.03459e-05 4.81437e-05 3.97937e-05 3.70722e-05 3.61676e-05 3.60581e-05 3.79598e-05 4.27628e-05 4.41917e-05 4.39437e-05 3.92835e-05 3.82054e-05 4.02347e-05 3.99628e-05 3.63969e-05
3.66119e-05 3.59719e-05 3.68995e-05 3.70349e-05 3.67068e-05 3.63416e-05 3.7068e-05 3.81592e-05 4.09401e-05 4.48854e-05 4.81358e-05 5.03745e-05 5.27027e-05 5.39172e-05 5.38267e-05 5.29508e-05 5.14538e-05 4.6833e-05 4.21449e-05 4.00665e-05 4.27806e-05 4.57279e-05 4.75124e-05 4.72311e-05 4.66417e-05 4.34814e-05 3.97644e-05 3.80473e-05 3.98536e-05 4.55598e-05 5.02904e-05 5.2851e-05 5.44955e-05 5.33993e-05 4.80877e-05 4.25953e-05 4.01167e-05 4.08689e-05 4.25288e-05 4.51874e-05 4.67896e-05 4.57515e-05 4.04672e-05 3.61524e-05 3.50561e-05 3.3266e-05 3.41237e-05 3.84242e-05 4.26182e-05 4.37399e-05 4.00944e-05 3.82897e-05 3.90712e-05 3.92073e-05
3.28784e-05 3.26695e-05 3.27478e-05 3.29658e-05 3.37738e-05 3.41542e-05 3.46752e-05 3.58822e-05 3.85454e-05 4.19522e-05 4.39618e-05 4.57914e-05 4.67433e-05 4.92351e-05 5.27566e-05 5.43637e-05 5.37143e-05 5.07835e-05 4.77352e-05 4.36531e-05 4.29457e-05 4.56281e-05 4.86952e-05 4.84716e-05 4.78521e-05 4.64555e-05 4.39859e-05 4.09333e-05 3.88556e-05 3.99368e-05 4.60921e-05 5.3524e-05 5.73498e-05 5.97013e-05 5.86896e-05 5.45424e-05 4.75276e-05 4.38354e-05 4.22866e-05 4.25235e-05 4.42293e-05 4.56146e-05 4.40717e-05 4.11192e-05 3.75259e-05 3.46165e-05 3.2044e-05 3.3523e-05 3.79611e-05 4.07409e-05 4.11544e-05 4.08187e-05 3.89275e-05 3.41288e-05
3.77388e-05 3.66881e-05 3.63059e-05 3.61795e-05 3.65002e-05 3.66691e-05 3.63201e-05 3.59356e-05 3.62552e-05 3.82817e-05 3.97654e-05 4.23002e-05 4.20727e-05 4.21792e-05 4.33605e-05 4.43705e-05 4.67945e-05 4.79006e-05 4.95337e-05 5.15035e-05 4.96506e-05 4.92561e-05 4.99548e-05 4.9271e-05 4.70361e-05 4.63428e-05 4.53739e-05 4.40628e-05 4.22283e-05 4.08438e-05 4.19465e-05 4.71958e-05 5.38716e-05 5.70032e-05 5.74573e-05 5.74264e-05 5.52574e-05 4.84429e-05 4.43908e-05 4.18183e-05 4.07897e-05 4.0826e-05 4.1586e-05 4.00751e-05 3.81522e-05 3.765e-05 3.67756e-05 3.87787e-05 4.22316e-05 4.40854e-05 4.27911e-05 4.00707e-05 3.80359e-05 3.45495e-05
4.01932e-05 3.85194e-05 3.7331e-05 3.55236e-05 3.54152e-05 3.57752e-05 3.70535e-05 3.84589e-05 3.96647e-05 4.04516e-05 4.0233e-05 3.93644e-05 3.82996e-05 3.82342e-05 3.68189e-05 3.71365e-05 3.81777e-05 4.05196e-05 4.44572e-05 4.8914e-05 5.14312e-05 5.20232e-05 5.29786e-05 5.29317e-05 5.07988e-05 4.89084e-05 4.86214e-05 4.77234e-05 4.58621e-05 4.33294e-05 4.37566e-05 4.56385e-05 4.89929e-05 5.18652e-05 5.3769e-05 5.41245e-05 5.38355e-05 5.20225e-05 4.78902e-05 4.44738e-05 4.24686e-05 4.0942e-05 4.0882e-05 4.15868e-05 4.00649e-05 3.7865e-05 3.65311e-05 3.69336e-05 4.07871e-05 4.37364e-05 4.42962e-05 4.23455e-05 4.02391e-05 3.83226e-05
3.66141e-05 3.59229e-05 3.53928e-05 3.4566e-05 3.53336e-05 3.55562e-05 3.70609e-05 3.75678e-05 3.92538e-05 4.04172e-05 4.03253e-05 3.91903e-05 3.86941e-05 3.76413e-05 3.55314e-05 3.41105e-05 3.42502e-05 3.60408e-05 4.10318e-05 4.5689e-05 4.81606e-05 5.08044e-05 5.3301e-05 5.55927e-05 5.53101e-05 5.27274e-05 4.96778e-05 4.80469e-05 4.62561e-05 4.47239e-05 4.58924e-05 4.71412e-05 4.86865e-05 4.98727e-05 5.19768e-05 5.27391e-05 5.15466e-05 4.88266e-05 4.70747e-05 4.53858e-05 4.37235e-05 4.37312e-05 4.46819e-05 4.52062e-05 4.46e-05 4.28545e-05 4.02497e-05 3.83254e-05 3.67772e-05 3.83987e-05 4.11715e-05 4.11959e-05 3.95593e-05 3.92396e-05
2.93995e-05 2.87746e-05 2.90414e-05 3.02927e-05 3.18647e-05 3.45522e-05 3.60488e-05 3.65175e-05 3.59191e-05 3.57699e-05 3.70888e-05 3.81069e-05 3.8344e-05 3.82111e-05 3.78355e-05 3.76754e-05 3.78341e-05 3.8494e-05 4.08077e-05 4.54492e-05 5.00136e-05 5.07093e-05 4.98365e-05 4.84106e-05 4.73727e-05 4.59064e-05 4.61597e-05 4.6209e-05 4.60293e-05 4.5953e-05 4.59451e-05 4.58025e-05 4.48485e-05 4.50247e-05 4.62707e-05 4.83296e-05 4.9169e-05 4.85559e-05 4.67912e-05 4.54647e-05 4.50042e-05 4.50144e-05 4.51912e-05 4.5315e-05 4.54816e-05 4.45973e-05 4.36216e-05 4.20156e-05 3.98009e-05 3.92472e-05 4.02797e-05 4.21662e-05 4.30668e-05 4.33273e-05
2.00348e-05 1.95205e-05 1.94469e-05 2.08225e-05 2.22748e-05 2.48161e-05 2.65677e-05 2.67847e-05 2.63687e-05 2.62622e-05 2.73246e-05 2.93578e-05 3.22402e-05 3.4138e-05 3.56431e-05 3.68692e-05 3.80458e-05 3.99842e-05 4.22071e-05 4.39705e-05 4.42365e-05 4.27168e-05 4.03391e-05 3.81184e-05 3.72451e-05 3.70654e-05 3.9226e-05 4.17965e-05 4.38444e-05 4.39221e-05 4.28734e-05 4.12182e-05 3.93082e-05 3.74484e-05 3.75529e-05 3.87333e-05 3.91781e-05 3.99033e-05 4.09803e-05 4.24779e-05 4.3172e-05 4.41784e-05 4.34093e-05 4.15262e-05 4.13779e-05 4.09854e-05 4.04732e-05 3.91189e-05 3.7585e-05 3.67054e-05 3.64952e-05 3.76906e-05 3.99116e-05 4.17182e-05
1.68875e-05 1.70754e-05 1.77151e-05 1.89606e-05 2.03967e-05 2.12079e-05 2.09394e-05 1.97645e-05 1.92705e-05 1.99304e-05 2.13044e-05 2.33636e-05 2.61614e-05 2.92323e-05 3.10436e-05 3.18232e-05 3.28834e-05 3.30111e-05 3.57722e-05 3.7697e-05 3.84132e-05 3.75634e-05 3.64911e-05 3.60429e-05 3.54242e-05 3.48385e-05 3.59269e-05 3.85039e-05 3.93149e-05 3.86596e-05 3.71615e-05 3.55444e-05 3.46173e-05 3.42447e-05 3.3364e-05 3.27871e-05 3.30804e-05 3.36898e-05 3.48054e-05 3.61744e-05 3.80801e-05 3.90921e-05 3.96416e-05 3.9846e-05 3.84539e-05 3.72463e-05 3.638e-05 3.48496e-05 3.37133e-05 3.26522e-05 3.14559e-05 3.09083e-05 3.22325e-05 3.33327e-05
1.47148e-05 1.44394e-05 1.51682e-05 1.69812e-05 1.89494e-05 2.01445e-05 2.0406e-05 1.92687e-05 1.8523e-05 1.85051e-05 1.9363e-05 2.08967e-05 2.30989e-05 2.40549e-05 2.44927e-05 2.45861e-05 2.50553e-05 2.49217e-05 2.5754e-05 2.77899e-05 3.03214e-05 3.2094e-05 3.40204e-05 3.46596e-05 3.38849e-05 3.20463e-05 3.17091e-05 3.3351e-05 3.4075e-05 3.36536e-05 3.21255e-05 2.9018e-05 2.73501e-05 2.6542e-05 2.58818e-05 2.61445e-05 2.57355e-05 2.58832e-05 2.60114e-05 2.65012e-05 2.63508e-05 2.75981e-05 2.93555e-05 3.14029e-05 3.35345e-05 3.40614e-05 3.36481e-05 3.32038e-05 3.34837e-05 3.2711e-05 3.2241e-05 3.1539e-05 3.17256e-05 3.16834e-05
1.11775e-05 1.10024e-05 1.14457e-05 1.18757e-05 1.28344e-05 1.40807e-05 1.51617e-05 1.58632e-05 1.66803e-05 1.82795e-05 2.02551e-05 2.1564e-05 2.17383e-05 2.19854e-05 2.2442e-05 2.21693e-05 2.0901e-05 2.04691e-05 2.09477e-05 2.22393e-05 2.41911e-05 2.66637e-05 3.05045e-05 3.421e-05 3.60117e-05 3.59947e-05 3.31779e-05 2.92454e-05 2.71196e-05 2.59357e-05 2.55993e-05 2.40079e-05 2.19336e-05 2.00775e-05 1.96389e-05 2.09946e-05 2.22727e-05 2.18592e-05 2.15353e-05 2.21987e-05 2.25217e-05 2.26748e-05 2.28695e-05 2.30223e-05 2.44304e-05 2.72057e-05 2.91364e-05 3.01821e-05 3.03767e-05 3.14311e-05 3.24661e-05 3.3361e-05 3.30714e-05 3.27871e-05
8.53804e-06 8.17588e-06 8.07721e-06 8.555e-06 9.25713e-06 9.842e-06 1.08332e-05 1.20471e-05 1.32559e-05 1.47654e-05 1.6313e-05 1.76666e-05 1.9656e-05 2.1231e-05 2.22563e-05 2.21644e-05 2.10286e-05 1.97645e-05 1.93512e-05 1.93573e-05 2.00841e-05 2.11647e-05 2.26769e-05 2.54909e-05 2.80854e-05 2.94074e-05 2.89825e-05 2.72739e-05 2.54354e-05 2.43236e-05 2.33908e-05 2.21254e-05 2.11804e-05 1.95837e-05 1.83179e-05 1.80365e-05 1.90962e-05 2.03303e-05 1.97915e-05 1.95345e-05 1.96662e-05 1.97966e-05 2.05374e-05 2.07733e-05 2.08507e-05 2.11497e-05 2.09212e-05 2.19746e-05 2.46889e-05 2.69439e-05 2.83111e-05 2.8895e-05 3.00462e-05 3.05548e-05
3.13081e-06 3.60352e-06 4.19659e-06 4.78249e-06 5.54336e-06 6.58735e-06 7.95019e-06 9.6923e-06 1.10989e-05 1.19494e-05 1.29652e-05 1.42142e-05 1.53464e-05 1.64336e-05 1.75626e-05 1.94795e-05 2.02493e-05 1.94806e-05 1.70056e-05 1.48304e-05 1.39954e-05 1.36739e-05 1.39794e-05 1.52895e-05 1.7322e-05 2.00435e-05 2.23263e-05 2.30038e-05 2.24605e-05 2.21114e-05 2.1863e-05 2.16011e-05 2.04575e-05 1.9192e-05 1.8049e-05 1.71857e-05 1.6829e-05 1.71158e-05 1.74935e-05 1.78793e-05 1.77576e-05 1.7919e-05 1.74988e-05 1.714e-05 1.63681e-05 1.60229e-05 1.59294e-05 1.58677e-05 1.65327e-05 1.69384e-05 1.80452e-05 1.96775e-05 2.15618e-05 2.29116e-05
9.14085e-07 1.11049e-06 1.62439e-06 2.06273e-06 2.09851e-06 2.0116e-06 2.5905e-06 3.34309e-06 4.53911e-06 5.69774e-06 7.50269e-06 1.00638e-05 1.25403e-05 1.2959e-05 1.10329e-05 1.12039e-05 1.20308e-05 1.33905e-05 1.46688e-05 1.45307e-05 1.41034e-05 1.30145e-05 1.2374e-05 1.31006e-05 1.42447e-05 1.51806e-05 1.61008e-05 1.68859e-05 1.71429e-05 1.80469e-05 1.89856e-05 1.90048e-05 1.85189e-05 1.76237e-05 1.74962e-05 1.74278e-05 1.77124e-05 1.84645e-05 1.90933e-05 1.94526e-05 1.94406e-05 1.79849e-05 1.59915e-05 1.49706e-05 1.57717e-05 1.67083e-05 1.67281e-05 1.57822e-05 1.56736e-05 1.58435e-05 1.6142e-05 1.69202e-05 1.82396e-05 1.95613e-05
6.90947e-07 7.98914e-07 1.01735e-06 1.39319e-06 1.8218e-06 2.02083e-06 2.30368e-06 2.51266e-06 2.93561e-06 3.57516e-06 4.62933e-06 5.24658e-06 6.08554e-06 7.33454e-06 9.57368e-06 1.02911e-05 1.06956e-05 1.11709e-05 1.17803e-05 1.24299e-05 1.31473e-05 1.36807e-05 1.31761e-05 1.24897e-05 1.26263e-05 1.27631e-05 1.24249e-05 1.20993e-05 1.20655e-05 1.23894e-05 1.31301e-05 1.40772e-05 1.49027e-05 1.54038e-05 1.56281e-05 1.61848e-05 1.70332e-05 1.82696e-05 1.81209e-05 1.72065e-05 1.68126e-05 1.68118e-05 1.70486e-05 1.75259e-05 1.84282e-05 1.94043e-05 1.97462e-05 2.01132e-05 2.00535e-05 1.95901e-05 2.00058e-05 2.02591e-05 2.09601e-05 2.19123e-05
1.18458e-06 1.40016e-06 1.66261e-06 2.0144e-06 2.46037e-06 2.86523e-06 3.34842e-06 3.83627e-06 4.48433e-06 5.27341e-06 5.78521e-06 6.38754e-06 6.85473e-06 7.55222e-06 8.41391e-06 8.69488e-06 9.13927e-06 9.37027e-06 9.29081e-06 9.30776e-06 1.01015e-05 1.049e-05 1.10133e-05 1.14003e-05 1.16988e-05 1.18573e-05 1.15019e-05 1.07922e-05 1.06396e-05 1.0581e-05 1.10663e-05 1.1881e-05 1.26978e-05 1.3071e-05 1.33874e-05 1.37325e-05 1.39811e-05 1.41786e-05 1.45164e-05 1.48935e-05 1.50619e-05 1.47719e-05 1.53134e-05 1.65516e-05 1.86466e-05 2.02012e-05 2.08122e-05 2.13638e-05 2.18096e-05 2.18322e-05 2.21661e-05 2.27273e-05 2.29563e-05 2.32745e-05
1.63251e-06 1.984e-06 2.37534e-06 2.90702e-06 3.68265e-06 4.17104e-06 4.55021e-06 4.97381e-06 6.64498e-06 7.74042e-06 8.27207e-06 8.02953e-06 7.75172e-06 7.04702e-06 6.62746e-06 6.62595e-06 6.33384e-06 6.42117e-06 6.5818e-06 6.80831e-06 6.81977e-06 6.86616e-06 7.1397e-06 7.85711e-06 8.52026e-06 8.42518e-06 8.03959e-06 8.03276e-06 8.09481e-06 8.29444e-06 8.71929e-06 9.23256e-06 9.95917e-06 1.04947e-05 1.05179e-05 1.11669e-05 1.17021e-05 1.1946e-05 1.25871e-05 1.31346e-05 1.38972e-05 1.48381e-05 1.59942e-05 1.70749e-05 1.84482e-05 1.98916e-05 2.1366e-05 2.26609e-05 2.40739e-05 2.45318e-05 2.42344e-05 2.3781e-05 2.34485e-05 2.38903e-05
2.09227e-06 2.56456e-06 3.01023e-06 3.72131e-06 3.92743e-06 4.57381e-06 5.14229e-06 5.73618e-06 8.48386e-06 1.18829e-05 1.0821e-05 9.18656e-06 8.40125e-06 8.57915e-06 8.59531e-06 8.18632e-06 8.35336e-06 8.67372e-06 8.90692e-06 8.88382e-06 8.43384e-06 7.70824e-06 7.28874e-06 7.1666e-06 6.93254e-06 6.31229e-06 5.70635e-06 5.45653e-06 5.33783e-06 5.39493e-06 5.72858e-06 6.37318e-06 6.68944e-06 7.13435e-06 7.95309e-06 8.83766e-06 9.8581e-06 1.1252e-05 1.2071e-05 1.23955e-05 1.29403e-05 1.33168e-05 1.3751e-05 1.44636e-05 1.48195e-05 1.52241e-05 1.60604e-05 1.68925e-05 1.75478e-05 1.83126e-05 1.8816e-05 1.90504e-05 1.89517e-05 1.887e-05
2.30323e-06 2.64709e-06 3.09295e-06 3.52567e-06 3.98087e-06 4.38297e-06 4.99132e-06 5.60812e-06 6.5382e-06 7.34757e-06 7.89802e-06 6.66936e-06 6.06119e-06 6.01071e-06 6.37967e-06 7.91013e-06 9.99348e-06 1.14579e-05 1.25812e-05 1.3898e-05 1.51218e-05 1.41346e-05 1.29234e-05 1.22132e-05 1.13535e-05 9.10312e-06 6.65446e-06 5.26993e-06 4.6948e-06 4.69057e-06 4.76858e-06 5.12975e-06 5.67064e-06 6.05249e-06 6.39673e-06 6.60019e-06 6.69476e-06 7.37544e-06 8.02367e-06 8.34792e-06 8.32728e-06 8.47442e-06 8.67068e-06 8.78293e-06 8.8946e-06 9.35699e-06 9.67354e-06 1.02883e-05 1.07595e-05 1.1554e-05 1.15617e-05 1.15028e-05 1.14246e-05 1.10572e-05
