Tests/Data/FileIO/XyzIncompleteTest.asc
ncols 84
nrows 106
xllcorner 303850
yllcorner 5696550
cellsize 50
NODATA_value -9999
[rows 66 to 98 of 106, columns 0 to 73 of 84]
-9999 -9999 -9999 -9999 -9999 -9999 -9999 -9999 -9999 -9999 -9999 -9999 -9999 -9999 -9999 -9999 -9999 -9999 -9999 -9999 -9999 -9999 -9999 -9999 -9999 -9999 127.63 127.87 128.47 128.6 128.94 -9999 -9999 -9999 -9999 -9999 -9999 -9999 -9999 -9999 -9999 133.25 133.07 133.62 135.08 134.69 134.45 134.29 136 136.2 135.91 136.89 137.79 138.85 139.2 138.8 138.67 138.94 139.06 138.23 138.15 137.53 134.2 134.94 131.26 -9999 -9999 -9999 -9999 136.13 135.71 135.3 135.64 134.96
-9999 -9999 -9999 -9999 -9999 -9999 -9999 -9999 -9999 -9999 -9999 -9999 -9999 -9999 -9999 -9999 -9999 -9999 -9999 -9999 -9999 -9999 -9999 -9999 -9999 -9999 -9999 -9999 -9999 -9999 -9999 -9999 -9999 -9999 -9999 -9999 -9999 -9999 130.42 131.81 132.29 133.38 133.1 133.61 134.35 134.74 134.22 135.14 136.32 136 136.2 136.71 136.04 138.1 138.11 138.08 137.25 138.26 138.78 138.16 136.85 131.68 132.25 131.87 130.05 129.65 -9999 -9999 -9999 -9999 -9999 -9999 135.67 134.96
-9999 -9999 -9999 -9999 -9999 -9999 -9999 -9999 -9999 -9999 -9999 -9999 -9999 -9999 -9999 -9999 -9999 -9999 -9999 -9999 -9999 -9999 -9999 -9999 -9999 -9999 -9999 -9999 -9999 -9999 -9999 -9999 -9999 -9999 -9999 -9999 -9999 -9999 132.14 131.31 131.31 133.68 133.07 132.67 133.76 134.41 134.83 135.53 135.69 136.37 135.9 136.09 136.75 136.95 137.45 137.61 137.39 135.49 132.79 132.8 133.41 132.85 131.7 129.16 128.44 127.5 -9999 -9999 -9999 -9999 -9999 -9999 133.33 133.28
-9999 -9999 -9999 -9999 -9999 -9999 -9999 -9999 -9999 -9999 -9999 -9999 -9999 -9999 -9999 -9999 -9999 -9999 -9999 -9999 -9999 -9999 -9999 -9999 -9999 -9999 -9999 -9999 -9999 -9999 -9999 -9999 -9999 -9999 -9999 -9999 -9999 -9999 -9999 -9999 132.5 132.59 132.83 133.3 133.45 133.9 134.71 134.06 134.25 134.26 135.01 134.81 135.7 134.78 135.34 136.53 136.25 133.87 132.37 131.83 132.69 130.81 128.51 127.29 126.94 126.25 -9999 -9999 -9999 -9999 -9999 -9999 130.81 131.34
-9999 -9999 -9999 -9999 -9999 -9999 -9999 -9999 -9999 -9999 -9999 -9999 -9999 -9999 -9999 -9999 -9999 -9999 -9999 -9999 -9999 -9999 -9999 -9999 -9999 -9999 -9999 -9999 -9999 -9999 -9999 -9999 -9999 -9999 -9999 -9999 -9999 -9999 -9999 -9999 131.94 131.81 132.38 132.72 131.73 132.62 132.14 133.27 133.17 133.3 134.59 134.86 136.11 129.8 132.71 132.96 132.32 130.69 129.82 128.15 127.2 126.13 126.84 125.89 125.41 123.86 -9999 125.49 126.26 127.77 127.61 127.95 128.61 129.07
-9999 -9999 -9999 -9999 -9999 -9999 -9999 -9999 -9999 -9999 -9999 -9999 -9999 -9999 -9999 -9999 -9999 -9999 -9999 -9999 -9999 -9999 -9999 -9999 -9999 -9999 -9999 -9999 -9999 -9999 -9999 -9999 -9999 -9999 -9999 -9999 -9999 -9999 130.83 130.91 131.54 132.6 131.9 131.69 132.7 130.86 129.79 128.31 129.06 130.5 134.67 131.72 129.91 126.71 128.49 128.64 128.73 128.47 128.25 128.28 127.82 127.91 128.15 127.62 127.27 127.24 125.91 126.82 126.91 126.25 125.59 125.99 127.31 127.63
-9999 -9999 -9999 -9999 -9999 -9999 -9999 -9999 -9999 -9999 -9999 -9999 -9999 -9999 -9999 -9999 -9999 -9999 -9999 -9999 -9999 -9999 -9999 -9999 -9999 -9999 -9999 -9999 -9999 -9999 -9999 -9999 -9999 -9999 -9999 -9999 -9999 -9999 130.15 130.09 130.54 130.82 130.74 131.66 130.49 128.34 128.37 128.1 128.22 128.18 129.75 125.47 121.81 127.08 127.07 127.24 126.03 126.4 126.19 126.93 126.12 127.98 128.2 127.1 125.06 124.02 121.93 121.31 122.09 124.58 124.41 123.34 124.95 124.43
-9999 -9999 -9999 -9999 -9999 -9999 -9999 -9999 -9999 -9999 -9999 -9999 -9999 -9999 -9999 -9999 -9999 -9999 -9999 -9999 -9999 -9999 -9999 127.89 128.29 128.74 127.93 129.24 -9999 -9999 -9999 -9999 -9999 -9999 -9999 -9999 -9999 -9999 -9999 129.58 129.48 129.36 130.17 128.03 129.31 128.23 127.54 127.37 127.06 126.67 125.86 123.96 123.44 125.22 130.15 126.83 127.97 123.61 123.02 122.8 121.62 120.92 120.56 121.76 121.29 120.93 120.18 121.87 121.89 122.96 122.77 122.56 123.5 123.63
-9999 -9999 -9999 -9999 -9999 -9999 -9999 -9999 -9999 -9999 -9999 -9999 -9999 -9999 -9999 -9999 -9999 -9999 127.59 127.41 127.48 127.61 127.52 127.55 127.25 128.6 128.88 128.94 128.98 -9999 -9999 -9999 -9999 -9999 -9999 -9999 -9999 -9999 -9999 -9999 -9999 -9999 130.17 132.01 128.18 128.16 127.78 126.88 -9999 -9999 -9999 -9999 118.99 119.86 120.96 121.2 121.33 120.78 120.44 120.08 119.73 119.74 120.82 120.88 119.68 119.39 119.49 119.44 121.97 122.82 121.39 121.13 121.87 122.92
-9999 -9999 -9999 -9999 -9999 -9999 -9999 -9999 -9999 -9999 -9999 -9999 -9999 -9999 -9999 -9999 -9999 -9999 127.57 127.14 127.51 127.78 127.97 128.19 128.33 128.66 128.31 128.62 128.62 -9999 -9999 -9999 -9999 -9999 -9999 -9999 -9999 -9999 -9999 -9999 -9999 -9999 129.6 129.42 127.58 127.88 127.42 126.34 -9999 -9999 123.14 117.98 117.6 118.35 119.83 120.52 119.45 118.57 118.45 118.29 118.2 118.65 118.53 117.64 119.41 118.39 118.51 119.24 121.21 120.48 120.05 119.76 120.49 -9999
-9999 -9999 -9999 -9999 -9999 -9999 -9999 -9999 -9999 -9999 -9999 -9999 -9999 -9999 -9999 -9999 -9999 -9999 -9999 127.58 127.75 128.06 128.23 129.06 128.41 129.05 128.41 128.39 128.05 -9999 -9999 -9999 -9999 -9999 -9999 -9999 -9999 -9999 -9999 -9999 -9999 -9999 128.81 128.3 127.99 127.76 127.35 126.92 -9999 122.42 119.61 117.03 117.65 117.35 118.39 119.68 118.3 116.78 117.14 116.82 116.59 116.83 117.05 117.11 117.96 117.7 117.37 117.9 118.59 118.55 118.83 119.21 -9999 -9999
-9999 -9999 -9999 -9999 -9999 -9999 -9999 -9999 -9999 -9999 -9999 -9999 -9999 -9999 -9999 -9999 -9999 -9999 -9999 127.75 127.8 128.23 128.16 127.78 127.42 126.43 127.82 127.87 -9999 -9999 -9999 -9999 -9999 -9999 -9999 -9999 -9999 -9999 -9999 -9999 -9999 -9999 128.14 129.65 126.69 126.86 126.79 126.8 126.46 119.03 118.43 117.02 116.62 116.52 116.11 117.03 116.7 115.87 115.51 114.86 114.92 115.39 115.68 116.15 117.47 116.77 116.43 116.28 116.75 117.35 118.01 118.81 -9999 -9999
-9999 -9999 -9999 -9999 -9999 -9999 -9999 -9999 -9999 -9999 -9999 128.59 128.5 -9999 -9999 -9999 -9999 -9999 -9999 127.58 127.43 127.51 127.66 127.43 126.77 126.25 127.93 126.91 -9999 -9999 -9999 -9999 -9999 -9999 -9999 -9999 -9999 -9999 -9999 -9999 -9999 -9999 125.47 125.38 125.7 125.09 123.15 122.14 121.74 119.44 118.53 117.12 116.44 115.68 115.15 114.78 114.56 114.56 114.35 114.72 114.62 114.3 114.5 115.04 115.53 115.29 114.93 114.47 115.48 116.47 117.51 -9999 -9999 -9999
-9999 -9999 -9999 -9999 -9999 -9999 -9999 -9999 -9999 -9999 -9999 128.82 129.81 129.44 128.73 -9999 -9999 -9999 -9999 -9999 -9999 -9999 126.18 126.06 126.06 125.5 125.53 125.02 -9999 -9999 -9999 -9999 -9999 -9999 -9999 -9999 -9999 -9999 -9999 -9999 -9999 -9999 123.92 124.36 124.16 123.41 122.39 121.5 120.23 118.22 117.78 116.98 116.05 115.08 113.91 113.17 112.42 113.63 112.85 112.68 112.33 113.31 113.29 113.97 114.14 113.98 113.83 114.03 114.84 116.03 -9999 -9999 -9999 -9999
-9999 -9999 -9999 -9999 -9999 -9999 -9999 -9999 -9999 -9999 -9999 128.43 128.54 129.14 129.49 129.46 128.46 -9999 -9999 -9999 -9999 -9999 -9999 -9999 -9999 -9999 -9999 -9999 -9999 -9999 -9999 -9999 -9999 -9999 -9999 -9999 -9999 118.81 120.14 122.4 -9999 -9999 121.64 122.43 123.18 122.05 122.21 120.6 120.08 118.41 118.03 116.83 115.83 114.77 114.56 113.94 112.43 111.04 110.79 110.99 111.64 113.21 113.68 113.34 113.15 112.83 112.84 113.42 114.52 -9999 -9999 -9999 -9999 -9999
-9999 -9999 -9999 -9999 -9999 -9999 -9999 -9999 -9999 -9999 -9999 127.98 128.3 128.58 129.05 129.39 127.66 126.42 -9999 -9999 -9999 -9999 -9999 -9999 -9999 -9999 -9999 -9999 -9999 -9999 -9999 -9999 -9999 -9999 -9999 -9999 -9999 117.1 119.6 121.92 120.99 -9999 -9999 121.26 122.1 121.71 121.38 120.57 119.6 118.81 117.59 116.49 115.37 113.97 114.09 113.2 111.76 110.58 109.53 109.8 110.49 111.66 112.44 112.42 112.44 111.71 112 112.97 -9999 -9999 -9999 -9999 -9999 -9999
-9999 -9999 -9999 -9999 -9999 -9999 -9999 -9999 -9999 -9999 -9999 127.51 127.94 128.2 128.21 127.4 127.22 125.27 124.13 122.71 -9999 -9999 -9999 -9999 -9999 -9999 -9999 -9999 -9999 -9999 -9999 -9999 -9999 -9999 -9999 -9999 -9999 117.23 118.4 119.41 118.22 -9999 -9999 119.79 120.4 120.66 120.8 119.77 118.8 118.03 116.91 116.07 115.23 114.84 114.19 112.53 111.01 110.56 109.15 109.06 109.04 110.29 111.21 111.05 111.13 110.97 112.29 113.49 -9999 -9999 -9999 -9999 -9999 -9999
-9999 -9999 -9999 -9999 -9999 -9999 -9999 -9999 -9999 -9999 -9999 126.83 127.35 127.73 127.32 127.12 125.89 125.29 123.03 121.17 119.25 -9999 -9999 -9999 -9999 -9999 -9999 -9999 -9999 -9999 -9999 -9999 -9999 -9999 -9999 -9999 -9999 115.35 116.11 116.69 116.69 116.01 -9999 118.03 119.21 119.06 119.26 118.61 117.56 117.5 116.78 115.58 114.53 114.16 112.99 111.57 110.35 109.22 107.81 109.11 108.52 109.3 110.18 109.48 110.02 111.65 112.9 -9999 -9999 -9999 -9999 -9999 -9999 -9999
-9999 -9999 -9999 -9999 -9999 -9999 -9999 -9999 -9999 -9999 -9999 125.82 126.34 126.68 126.12 125.39 125.34 123.66 121.34 120.19 116.92 115.88 114.26 113.43 -9999 -9999 112.27 112.08 110.5 110.73 109.79 -9999 -9999 -9999 -9999 -9999 -9999 -9999 113.67 114.07 114.1 113.2 -9999 117.14 117.14 117.86 118.05 117.49 117.04 116.89 116.92 114.75 113.06 111.51 111.36 110.61 109.58 108.6 107.77 107.83 108.37 108.42 108.55 108.79 111.34 112.4 -9999 -9999 -9999 -9999 -9999 -9999 -9999 -9999
-9999 -9999 -9999 -9999 -9999 -9999 -9999 -9999 -9999 -9999 -9999 124.03 124.25 125.83 125.64 126.02 123.41 122.18 119.74 121.3 115.65 115.11 112.95 111.44 110.04 110.35 109.88 109.75 109.75 109.79 109.23 -9999 -9999 -9999 -9999 -9999 -9999 111.35 111.75 112.12 111.1 112.64 -9999 114.75 115.47 115.89 116.25 116.15 116.22 116.01 115.79 115.31 110.34 110.72 110.45 110.02 108.99 107.77 107.28 107.4 107.95 107.72 107.54 109.18 111.11 -9999 -9999 -9999 -9999 -9999 -9999 -9999 -9999 -9999
-9999 -9999 -9999 -9999 -9999 -9999 -9999 -9999 -9999 -9999 -9999 120.32 122.44 123.66 124.1 123.27 120.68 118.13 117.34 114.68 113.28 112.35 111.6 109.89 108.86 108.46 107.68 108.05 107.97 108.58 109.35 -9999 -9999 -9999 -9999 108.71 109.1 109.62 109.95 110.29 110.29 111.26 -9999 112.56 112.83 113.8 114.69 115.4 115.26 115.36 115.58 114.89 113.95 110.11 110.41 110.16 108.73 107.46 107.26 107.01 107.06 107.27 107.51 110.36 111.24 114.13 115.78 116.58 117.16 -9999 -9999 -9999 -9999 -9999
-9999 -9999 -9999 -9999 -9999 -9999 -9999 -9999 -9999 -9999 -9999 -9999 119.3 121.4 122.44 119.67 118 115.77 114.24 112.95 110.99 109.85 108.77 108.14 107.57 107.25 107.65 107.24 107.33 107.46 107.75 -9999 -9999 -9999 -9999 106.82 107.34 108.21 108.7 109.3 108.78 109.28 109.84 110.98 111.98 112.66 113.09 111.83 113.5 113.92 113.76 110.7 111.65 112.6 111.03 110.17 108.79 106.33 108.01 106.38 106.24 107.59 109.54 111.92 114.77 115.44 116.73 116.49 116.45 117.01 116.67 118.05 120.31 120.02
-9999 119.26 121.75 -9999 -9999 -9999 -9999 -9999 -9999 -9999 -9999 -9999 116.94 119.21 120.03 118.13 115.56 113.57 111.42 110.46 109.19 107.84 106.64 106.55 106.3 106.28 106.34 106.29 106.27 106.3 105.04 105.74 -9999 -9999 -9999 105.61 105.54 106.75 105.45 107.68 107.96 107.71 108.73 109.7 111.06 110.14 111.07 110.5 110.08 110.76 110.06 113.54 109.75 111.26 110.69 110.29 108.68 107.65 106.81 106.32 105.69 105.71 111.04 112.65 113.9 114.13 114.79 115.18 114.91 111.73 113.57 115.24 115.46 116.82
118.49 119.38 121.94 -9999 -9999 -9999 -9999 -9999 -9999 -9999 -9999 -9999 113.47 115.57 117.07 116.59 114.38 112.18 109.99 108.94 107.87 106.44 105.45 104.94 105.03 104.96 105.15 105.21 105.16 105.09 105.21 104.49 -9999 -9999 -9999 104.73 104.76 105.24 104.71 106.4 107.05 107.44 108.2 108.19 109.36 110.54 110.51 108.39 107.96 106.43 109.08 108.75 109.26 109.13 109.47 108.82 107.91 107.77 105.53 104.2 104.85 104.61 110.38 111.86 112.96 111.02 112.5 113.43 113.25 113.04 111.15 112.22 114.91 116.12
117.44 119.5 121.15 121.72 -9999 -9999 -9999 -9999 114.7 112.89 111.1 109.58 111.33 112 115.32 114.81 112.98 111.21 109.81 107.9 106.42 105.12 104.32 103.68 103.63 103.66 104.16 104.14 103.99 103.9 104.02 104.1 -9999 -9999 -9999 -9999 103.94 104.92 104.62 106.81 106.46 106.91 107.49 108.42 107.66 108.05 109.51 103.39 98.63 98.43 98.5 102.8 105 107.34 108.45 107.98 107.06 106.84 105.44 105.04 102.31 105.07 108.3 109.52 110.43 111.25 110.08 111.63 111.18 110.72 110.35 110.96 113.32 114.76
116.31 119 120.06 121.34 119.03 -9999 -9999 -9999 113.22 111.19 109.26 108.35 108.96 109.48 113.32 113.06 111.65 109.98 108.37 106.7 105.09 104.07 103.48 102.09 102.57 103.2 103.76 103.06 102.5 102.71 102.77 102.93 -9999 -9999 -9999 103.81 104.38 103.99 104.65 105.76 106.61 105.92 106.11 106.16 104.11 102.36 102.3 96.3 94.45 94.53 95.11 95.92 99.85 105.76 107.05 106.76 106.48 104.42 102.82 101.22 100.34 101.7 102.59 103.67 103.36 105.47 106.21 108.01 108.86 108.88 109.66 111.68 110.7 115.2
115.89 118.12 117.16 116.75 115.63 -9999 -9999 113.1 112.11 109.77 107.87 106.74 106.52 107.38 111.21 111.21 110.46 108.91 106.91 105.58 104.12 102.91 101.76 101.23 101.2 102.51 103.45 99.75 99.8 101.37 101.27 101.58 101.98 102.48 102.92 103.32 102.88 102.85 104.25 104.48 103.39 104.87 104.54 104.98 97.25 94.24 93.37 93.88 -9999 93.27 94.65 94.55 95.47 100.11 103.29 104.67 104.81 104.52 102.89 101.07 99.63 99.55 101.28 103.72 106.82 107.93 107.34 107.25 107.05 108.96 111.38 111.34 113.02 113.93
114.62 114.71 113.38 112.28 112.38 -9999 -9999 111 110.5 107.88 106.36 105.31 104.2 105.64 107.15 108.82 108.14 107.55 106.57 104.45 103 101.93 101.03 100.68 100.74 101.32 94.13 93.48 94.74 96.3 97.48 100.07 100.6 101.47 102.35 103.26 102.88 102.98 103.03 103.81 102.37 104.91 102.68 94.54 94.58 -9999 -9999 -9999 -9999 -9999 93.44 93.85 94.74 96.3 100.37 103.13 102.95 104.28 102.86 100.19 98.77 98.01 96.68 101.04 105.79 107.43 106.39 99.53 107.19 108.88 111.01 112.43 113.69 113.66
-9999 111.96 110.6 109.49 109.73 108.91 -9999 108.83 108.02 106.36 104.9 103.7 103.82 103.35 102.82 104.75 105.1 104.12 103.66 102.65 101.71 100.82 101.12 100.63 94.42 93.42 -9999 92.59 94.02 94.34 -9999 95.51 99.9 99.66 100.8 103.36 101.71 99.93 101.67 102.76 101.4 101.62 99.07 93.35 -9999 -9999 -9999 -9999 -9999 -9999 93.31 94 94.46 94.4 95.54 103.28 103.44 101.3 101.03 98.2 97.87 98.18 97.04 96.95 100.33 95.29 95.88 97.87 102.76 109.38 110.27 111.59 112.8 112.33
-9999 109.33 107.86 107.47 107.83 107.37 106.86 106.45 106.28 104.4 103.75 103.04 102.2 101.65 102.86 102.1 102.71 103 101.67 101.26 100.53 99.45 99.17 93.65 93.85 -9999 -9999 -9999 -9999 -9999 -9999 -9999 92.88 94.75 97.42 98.87 98.2 93.75 93.69 95.34 101.55 97.91 94.39 94.25 -9999 -9999 -9999 -9999 -9999 92.9 93.55 94.78 93.6 93.88 94.65 96.67 99.95 99.44 96.33 97.29 96.79 97.15 96.63 94.96 94.68 -9999 -9999 -9999 -9999 100.86 108.55 109.9 110.23 110.49
-9999 106.57 105.36 105.12 105.02 105.06 104.25 104.02 103.56 103.97 102.74 102 101.11 100.09 100.57 101.11 100.91 99.29 96.15 99.82 99.72 99.65 94.11 -9999 92.44 91.94 -9999 -9999 -9999 -9999 -9999 -9999 -9999 -9999 -9999 -9999 -9999 -9999 -9999 -9999 94.97 94.18 93.25 -9999 -9999 -9999 -9999 -9999 92.76 93.33 93.56 93.95 97.56 94.76 94.67 96.19 97.38 97.41 97.01 96.15 95.42 97.21 96.34 94.25 -9999 -9999 -9999 -9999 -9999 -9999 106.18 108.09 108.6 108.36
-9999 -9999 -9999 100 100.68 102.13 102.37 101.78 101.34 101.73 101.31 99.7 100.12 99.23 98.73 100.57 100.19 95.26 93.7 95.89 97.11 96.12 92.84 -9999 91.3 92 92.14 -9999 -9999 -9999 -9999 -9999 -9999 -9999 -9999 -9999 -9999 -9999 -9999 -9999 -9999 -9999 -9999 -9999 -9999 -9999 -9999 -9999 93.14 93.17 93.69 94.39 95.26 93.4 94.76 94.87 96.81 96.23 96.72 95.47 95.35 96.02 96.38 94.99 -9999 -9999 -9999 -9999 -9999 -9999 -9999 -9999 103.76 105.88
-9999 -9999 -9999 -9999 -9999 97.62 99.13 99.44 100.29 99.97 99.53 98.84 98.67 98.37 98.97 99.78 98.05 94.31 93.29 93.58 93.5 93.63 93.95 93.4 90.47 93.22 92.56 -9999 -9999 -9999 -9999 -9999 -9999 -9999 -9999 -9999 -9999 -9999 -9999 -9999 -9999 -9999 -9999 -9999 -9999 -9999 -9999 -9999 93.66 94.17 93.77 94.1 94.01 94.34 94.94 94.85 96.68 101.81 95.99 95.29 94.94 -9999 -9999 -9999 -9999 -9999 -9999 -9999 -9999 -9999 -9999 -9999 98.17 103.32
