Tests/Data/FileIO/XyzIncompleteTest.asc
ncols 84
nrows 106
xllcorner 303850
yllcorner 5696550
cellsize 50
NODATA_value -9999
[rows 0 to 32 of 106, columns 0 to 73 of 84]
-9999 -9999 -9999 -9999 -9999 -9999 -9999 -9999 -9999 -9999 -9999 -9999 -9999 -9999 -9999 -9999 -9999 -9999 -9999 -9999 -9999 -9999 -9999 -9999 -9999 -9999 -9999 -9999 -9999 -9999 -9999 -9999 -9999 -9999 -9999 -9999 -9999 -9999 -9999 -9999 -9999 -9999 -9999 -9999 -9999 -9999 -9999 -9999 -9999 -9999 -9999 -9999 -9999 -9999 -9999 126.18 126.49 126.68 126.81 126.64 126.66 126.61 126.5 125.84 126.09 125.8 125.49 125.38 125.38 125.15 125.68 125.18 125.51 125.77
-9999 -9999 -9999 -9999 -9999 -9999 -9999 -9999 -9999 -9999 -9999 -9999 -9999 -9999 -9999 -9999 -9999 -9999 -9999 -9999 -9999 -9999 -9999 -9999 -9999 -9999 -9999 -9999 -9999 -9999 -9999 -9999 -9999 119.57 120.06 120.51 120.67 120.87 121.31 121.62 121.63 121.76 122.38 122.5 123.02 123.69 124.1 123.41 124.51 125.27 125.59 125.71 125.79 125.91 125.79 125.3 125.77 125.51 125.6 125.21 125.2 125.79 126.16 125.79 125.19 125.26 125.28 125.07 124.91 124.9 125.08 125.07 125.14 125.22
-9999 -9999 -9999 -9999 -9999 -9999 -9999 -9999 -9999 -9999 -9999 -9999 -9999 -9999 -9999 -9999 -9999 -9999 -9999 -9999 -9999 -9999 -9999 -9999 -9999 -9999 -9999 -9999 -9999 -9999 -9999 -9999 -9999 118.73 119.27 120.43 120.81 121.01 121.26 121.42 121.48 121.67 122.05 122.38 122.79 123.22 123.47 123.45 123.32 124.06 124.48 124.44 124.92 125.48 125.39 124.81 125.05 126.13 126.11 126.07 126.07 126.02 125.84 125.47 124.98 124.76 124.91 124.82 124.68 124.67 124.77 124.88 124.96 124.9
-9999 -9999 -9999 -9999 -9999 -9999 -9999 -9999 -9999 -9999 -9999 -9999 -9999 -9999 -9999 -9999 -9999 -9999 -9999 -9999 -9999 -9999 -9999 -9999 -9999 -9999 -9999 -9999 -9999 -9999 -9999 -9999 -9999 120.55 120.81 120.94 121.13 121.21 121.27 121.28 121.32 121.53 121.86 122.21 122.54 122.82 122.97 122.93 122.97 123.4 123.88 124.2 124.84 125.63 125.74 125.33 125.28 125.53 125.56 125.64 125.78 125.82 125.7 125.44 125.13 124.95 124.89 124.75 124.61 124.58 124.64 124.87 125.07 125.11
-9999 -9999 -9999 -9999 -9999 -9999 -9999 -9999 -9999 -9999 -9999 -9999 -9999 -9999 -9999 -9999 -9999 -9999 -9999 -9999 -9999 -9999 -9999 -9999 -9999 -9999 -9999 -9999 -9999 -9999 -9999 -9999 120.87 122.13 120.65 121.41 121.39 121.35 121.31 121.18 121.18 121.36 121.73 122.1 122.35 122.51 122.58 122.51 122.5 123.03 123.81 124.49 125.16 125.83 125.97 125.62 125.43 125.32 125.09 125.32 125.63 125.76 125.71 125.55 125.36 125.23 125.14 124.95 124.8 124.79 124.6 125.14 125.51 125.61
-9999 -9999 -9999 -9999 -9999 -9999 -9999 -9999 -9999 -9999 -9999 -9999 -9999 -9999 -9999 -9999 -9999 -9999 -9999 -9999 -9999 -9999 -9999 -9999 -9999 -9999 -9999 -9999 -9999 -9999 -9999 -9999 120.08 120.78 120.79 121.39 121.42 121.35 121.21 121.08 121.05 121.19 121.74 122.18 122.28 122.3 122.31 122.28 122.33 123.02 124.08 124.9 125.44 125.8 125.87 125.67 125.47 125.31 125.18 125.34 125.65 125.85 125.81 125.68 125.55 125.51 125.53 125.43 125.38 125.62 125.59 125.77 126.21 126.2
-9999 -9999 -9999 -9999 -9999 -9999 -9999 -9999 -9999 -9999 -9999 -9999 -9999 -9999 -9999 -9999 -9999 -9999 -9999 -9999 -9999 -9999 -9999 -9999 -9999 -9999 -9999 -9999 -9999 -9999 -9999 -9999 120.68 120.78 120.83 121.34 121.44 121.44 121.2 121.13 121.21 121.46 122.12 122.62 122.38 122.23 122.22 122.28 122.56 123.27 124.71 125.4 125.66 125.81 125.85 125.69 125.56 125.37 125.17 125.36 125.7 125.92 125.82 125.73 125.62 125.62 125.75 125.66 125.6 125.83 125.98 126.13 126.57 126.38
-9999 -9999 -9999 -9999 -9999 -9999 -9999 -9999 -9999 -9999 -9999 -9999 -9999 -9999 -9999 -9999 -9999 -9999 -9999 -9999 -9999 -9999 -9999 -9999 -9999 -9999 -9999 -9999 -9999 -9999 -9999 -9999 121.22 121.43 120.6 121.34 121.52 121.78 122.16 121.69 121.71 122.18 122.88 122.92 122.38 122.18 122.19 122.33 122.71 123.63 125.05 125.51 125.61 125.72 125.84 125.87 125.95 125.22 124.87 125.27 125.62 125.71 125.63 125.54 125.5 125.5 125.51 125.42 125.35 125.48 125.71 125.94 125.99 125.77
-9999 -9999 -9999 -9999 -9999 -9999 -9999 -9999 -9999 -9999 -9999 -9999 -9999 -9999 -9999 -9999 -9999 -9999 -9999 -9999 -9999 -9999 -9999 -9999 -9999 -9999 -9999 -9999 -9999 -9999 -9999 -9999 120.08 122.38 120.64 121.21 121.51 121.92 122.25 121.92 121.91 122.33 122.61 122.33 121.98 122.03 122.2 122.37 122.61 123.13 124 124.77 125.19 125.45 125.61 125.62 125.38 124.7 124.65 125.33 125.68 125.54 125.34 125.26 125.28 125.3 125.25 125.09 124.89 125 125.36 125.71 125.9 125.79
-9999 -9999 -9999 -9999 -9999 -9999 -9999 -9999 -9999 -9999 -9999 -9999 -9999 -9999 -9999 -9999 -9999 -9999 -9999 -9999 -9999 -9999 -9999 -9999 -9999 -9999 -9999 -9999 -9999 -9999 -9999 -9999 -9999 121.8 120.02 121.16 121.43 121.75 121.94 121.67 121.64 122.31 122.28 121.92 121.65 121.97 122.37 122.57 122.58 122.67 123.45 124.16 124.74 125.11 125.37 125.34 124.98 124.65 124.73 125.65 125.95 125.33 124.92 124.95 125.11 125.2 125.15 124.94 124.59 124.56 125.16 125.57 125.85 125.87
-9999 -9999 -9999 -9999 -9999 -9999 -9999 -9999 -9999 -9999 -9999 -9999 -9999 -9999 -9999 -9999 -9999 -9999 -9999 -9999 -9999 -9999 -9999 -9999 -9999 -9999 -9999 -9999 -9999 -9999 -9999 -9999 -9999 120.14 120.66 121.21 121.36 121.42 121.66 121.47 121.56 122.37 122.48 121.79 121.69 122.25 122.83 123.15 123.43 123.69 123.98 123.89 124.03 124.88 125.39 125.44 124.89 124.76 124.87 125.52 125.68 125.03 124.34 124.8 125.15 125.29 125.27 125.13 124.92 124.94 125.39 125.63 125.55 125.65
-9999 -9999 -9999 -9999 -9999 -9999 -9999 -9999 -9999 -9999 -9999 -9999 -9999 -9999 -9999 -9999 -9999 -9999 -9999 -9999 -9999 -9999 -9999 -9999 -9999 -9999 -9999 -9999 -9999 -9999 -9999 -9999 -9999 -9999 121.12 119.58 120.49 119.93 120.87 120.26 120.7 121.02 121.36 121.08 121.3 122.05 122.93 123.01 124.68 125.21 125.25 124.59 124.47 125.18 125.72 126.1 125.54 125.28 125.32 125.53 125.57 125.26 124.96 125.25 125.51 125.6 125.56 125.5 125.55 125.77 126.05 126.04 125.83 125.77
-9999 -9999 -9999 -9999 -9999 -9999 -9999 -9999 -9999 -9999 -9999 -9999 -9999 -9999 -9999 -9999 -9999 -9999 -9999 -9999 -9999 -9999 -9999 -9999 -9999 -9999 -9999 -9999 -9999 -9999 -9999 -9999 -9999 -9999 122.19 121.97 120.69 120.74 120.6 120.78 120.57 120.25 119.88 119.98 120.68 121.39 122.57 124.65 125.95 126.16 125.94 125.7 125.7 125.88 126.08 126.14 125.96 125.75 125.69 125.74 125.8 125.89 126.07 126.09 126.08 126.03 125.85 125.79 126.02 126.46 126.48 126.52 126.02 125.7
-9999 -9999 -9999 -9999 -9999 -9999 -9999 -9999 -9999 -9999 -9999 -9999 -9999 -9999 -9999 -9999 -9999 -9999 -9999 -9999 -9999 -9999 -9999 -9999 -9999 -9999 -9999 -9999 -9999 -9999 -9999 -9999 -9999 -9999 -9999 121.25 121.21 121.03 120.77 121.04 120.12 119.52 119.11 119.45 120.64 121.88 123.13 125.64 126.96 126.55 125.99 126.07 126.33 126.38 126.24 126.15 126.13 126 125.89 125.9 125.99 126.21 126.7 126.73 126.55 126.43 125.94 125.73 126.03 126.68 126.79 126.42 125.96 125.52
-9999 -9999 -9999 -9999 -9999 -9999 -9999 -9999 -9999 -9999 -9999 -9999 -9999 -9999 -9999 -9999 -9999 -9999 -9999 -9999 -9999 -9999 -9999 -9999 -9999 -9999 -9999 -9999 -9999 -9999 -9999 -9999 -9999 -9999 -9999 -9999 121.66 121.87 120.7 120.81 120.32 119.92 119.99 120.42 121.44 122.98 124.92 126.75 127.35 126.18 125.06 124.68 125.42 126.05 125.89 125.84 125.89 125.88 125.87 125.88 125.9 125.97 126.33 126.46 126.35 126.15 125.65 125.22 125.41 125.72 125.51 125.85 125.87 125.52
-9999 -9999 -9999 -9999 -9999 -9999 -9999 -9999 -9999 -9999 -9999 -9999 -9999 -9999 -9999 -9999 -9999 -9999 -9999 -9999 -9999 -9999 -9999 -9999 -9999 -9999 -9999 -9999 -9999 -9999 -9999 -9999 -9999 -9999 -9999 -9999 -9999 122.65 121.8 122.16 121.5 120.66 121.36 121.62 121.74 123.65 125.85 127.42 126.56 125.1 123.76 122.88 123.43 123.32 125.08 125.25 125.38 125.53 125.7 125.73 125.6 125.47 125.73 125.92 125.81 125.65 125.4 124.89 125.05 125.37 125.45 125.96 126.25 125.9
-9999 -9999 -9999 -9999 -9999 -9999 -9999 -9999 -9999 -9999 -9999 -9999 -9999 -9999 -9999 -9999 -9999 -9999 -9999 -9999 -9999 -9999 -9999 -9999 -9999 -9999 -9999 -9999 -9999 -9999 -9999 -9999 -9999 -9999 -9999 -9999 -9999 -9999 -9999 122.83 122.15 122.59 122.63 122.71 122.53 123.35 125.04 126.05 124.49 123.62 122.99 122.75 123.25 123.86 124.27 124.67 125.09 125.4 125.62 125.72 125.66 125.32 125.42 125.69 125.74 125.75 125.63 125.43 125.5 125.82 126.24 126.73 127.25 126.64
-9999 -9999 -9999 -9999 -9999 -9999 -9999 -9999 -9999 -9999 -9999 -9999 -9999 -9999 -9999 -9999 -9999 -9999 -9999 -9999 -9999 -9999 -9999 -9999 -9999 -9999 -9999 -9999 -9999 -9999 -9999 -9999 -9999 -9999 -9999 -9999 -9999 -9999 -9999 -9999 -9999 -9999 -9999 122.18 122.85 123 122.74 122.69 121.56 122.5 122.58 122.53 122.94 123.42 123.81 124.35 125.04 125.44 125.66 125.87 126.07 126.14 125.79 125.85 126.02 126.26 126.14 126 126.06 126.38 126.98 127.3 127.35 127.15
-9999 -9999 -9999 -9999 -9999 -9999 -9999 -9999 -9999 -9999 -9999 -9999 -9999 -9999 -9999 -9999 -9999 -9999 -9999 -9999 -9999 -9999 -9999 -9999 -9999 -9999 -9999 -9999 -9999 -9999 -9999 -9999 -9999 -9999 -9999 -9999 -9999 -9999 -9999 -9999 -9999 -9999 -9999 -9999 -9999 123.23 122.12 122.18 122.48 122.84 123.02 122.74 122.99 123.37 123.77 124.31 125.02 125.46 125.69 126 126.31 126.47 126.13 126.09 126.26 126.49 126.52 126.47 126.52 126.7 127.16 127.45 127.46 127.3
-9999 -9999 -9999 -9999 -9999 -9999 -9999 -9999 -9999 -9999 -9999 -9999 -9999 -9999 -9999 -9999 -9999 -9999 -9999 -9999 -9999 -9999 -9999 -9999 -9999 -9999 -9999 -9999 -9999 -9999 -9999 -9999 -9999 -9999 -9999 -9999 -9999 -9999 -9999 -9999 -9999 -9999 -9999 -9999 123.48 127.55 123.79 123.49 123.53 123.45 123.7 123.27 123.28 123.56 123.91 124.31 124.88 125.4 125.83 126.2 126.26 126.3 126.29 126.28 126.44 126.72 126.85 126.87 126.9 127.03 127.32 127.55 127.59 127.49
-9999 -9999 -9999 -9999 -9999 -9999 -9999 -9999 -9999 -9999 -9999 -9999 -9999 -9999 -9999 -9999 -9999 -9999 -9999 -9999 -9999 -9999 -9999 -9999 -9999 -9999 -9999 -9999 -9999 -9999 -9999 -9999 -9999 -9999 -9999 -9999 -9999 -9999 -9999 -9999 -9999 -9999 -9999 123.27 123.91 125.69 125.24 123.86 124.22 123.74 123.67 123.46 123.59 123.92 124.27 124.46 124.86 125.4 125.9 126.22 126.06 126.17 126.49 126.58 126.75 127.12 127.24 127.23 127.26 127.38 127.58 127.76 127.81 127.76
-9999 -9999 -9999 -9999 -9999 -9999 -9999 -9999 -9999 -9999 -9999 -9999 -9999 -9999 -9999 -9999 -9999 -9999 -9999 -9999 -9999 -9999 -9999 -9999 -9999 -9999 -9999 -9999 -9999 -9999 -9999 -9999 -9999 -9999 -9999 -9999 -9999 -9999 -9999 -9999 -9999 -9999 -9999 121 123.78 125.17 125.75 124.23 125.1 124.41 124.02 123.87 123.2 124.39 124.89 124.89 125.08 125.43 125.79 126.08 126.01 126.36 127.01 127.31 127.48 127.68 127.62 127.53 127.52 127.65 127.86 128.05 128.11 128.06
-9999 -9999 -9999 -9999 -9999 -9999 -9999 -9999 -9999 -9999 -9999 -9999 -9999 -9999 -9999 -9999 -9999 -9999 -9999 -9999 -9999 -9999 -9999 -9999 -9999 -9999 -9999 -9999 -9999 -9999 -9999 -9999 -9999 -9999 -9999 -9999 -9999 -9999 -9999 -9999 123.62 123.77 123.98 124.3 124.59 124.16 124.14 120.17 121.04 122.78 124.31 124.18 124.33 124.69 125.1 125.25 125.4 125.43 125.48 125.82 126.03 126.77 127.71 127.93 128.01 127.82 127.75 127.72 127.73 127.88 128.09 128.35 128.44 128.35
-9999 -9999 -9999 -9999 -9999 -9999 -9999 -9999 -9999 -9999 -9999 -9999 -9999 -9999 -9999 -9999 -9999 -9999 -9999 -9999 -9999 -9999 -9999 -9999 -9999 -9999 -9999 -9999 -9999 -9999 -9999 -9999 -9999 -9999 -9999 -9999 -9999 -9999 -9999 -9999 123.83 123.54 124.5 123.98 127.66 128.53 124.47 124.61 124.81 124.86 124.39 124.36 121.46 122.57 124.31 125.36 125.72 125.31 124.76 125 125.4 126.21 127.43 127.77 127.7 127.55 127.68 127.86 127.99 128.08 128.16 128.37 128.52 128.51
-9999 -9999 -9999 -9999 -9999 -9999 -9999 -9999 -9999 -9999 -9999 -9999 -9999 -9999 -9999 -9999 -9999 -9999 -9999 -9999 -9999 -9999 -9999 -9999 -9999 -9999 -9999 -9999 -9999 -9999 -9999 -9999 -9999 -9999 -9999 -9999 -9999 -9999 -9999 -9999 123.89 123.44 123.3 124.71 127.6 128.12 125.6 125.83 125.44 124.75 124.4 124.64 125.11 125.2 125.32 125.35 125.43 124.19 123.7 124.59 124.71 124.62 126.03 127.05 127.29 127.26 127.72 128.05 128.25 128.26 127.97 127.87 128.1 128.45
-9999 -9999 -9999 -9999 -9999 -9999 -9999 -9999 -9999 -9999 -9999 -9999 -9999 -9999 -9999 -9999 -9999 -9999 -9999 -9999 -9999 -9999 -9999 -9999 -9999 -9999 -9999 -9999 -9999 -9999 -9999 -9999 -9999 -9999 -9999 -9999 -9999 -9999 -9999 -9999 124.42 124.5 124.81 126.3 127.49 127.61 125.93 125.84 125.07 124.52 124.67 125.38 126.01 126.3 126.36 125.84 125.55 125.19 125.2 125.66 125.16 124.69 125.37 125.5 125.54 126.04 127.23 128.33 128.47 128.44 127.44 127.09 127.59 128.36
-9999 -9999 -9999 -9999 -9999 -9999 -9999 -9999 -9999 -9999 -9999 -9999 -9999 -9999 -9999 -9999 -9999 -9999 -9999 -9999 -9999 -9999 -9999 -9999 -9999 -9999 -9999 -9999 -9999 -9999 -9999 -9999 -9999 -9999 -9999 -9999 -9999 -9999 -9999 -9999 -9999 -9999 125.18 126.21 127 124.71 126.33 125.44 124.65 124.21 124.98 126.17 126.7 126.79 126.67 126.34 126.2 126.32 126.94 127.1 126.4 126.17 126.58 127.2 127.75 128.2 126.41 126.42 126.39 126.4 126.9 126.35 127.21 128.55
-9999 -9999 -9999 -9999 -9999 -9999 -9999 -9999 -9999 -9999 -9999 -9999 -9999 -9999 -9999 -9999 -9999 -9999 -9999 -9999 -9999 -9999 -9999 -9999 -9999 -9999 -9999 -9999 -9999 -9999 -9999 -9999 -9999 -9999 123 123.28 123.35 -9999 -9999 -9999 -9999 125.02 124.86 125.93 126.38 126.37 125.84 125.01 124.39 124.81 126.04 126.88 126.87 126.8 126.69 126.59 126.72 127.04 127.44 127.54 127.35 127.37 127.63 127.92 128.33 128.8 129.24 129.31 129.1 128.55 127.52 126.35 127.16 127.97
-9999 -9999 -9999 -9999 -9999 -9999 -9999 -9999 -9999 -9999 -9999 -9999 -9999 -9999 -9999 -9999 -9999 -9999 -9999 -9999 -9999 -9999 -9999 -9999 -9999 -9999 -9999 -9999 -9999 -9999 -9999 -9999 -9999 122.66 122.3 121.09 121.38 123.94 124.05 -9999 -9999 124.97 125.26 125.64 125.99 126.07 125.72 125.01 124.67 125.76 126.48 126.74 126.7 126.66 126.67 126.67 127.13 127.56 127.88 127.98 127.98 128.21 128.51 128.54 128.9 129.35 129.76 129.89 129.82 129.62 129.12 127.92 128.52 130.87
-9999 -9999 -9999 -9999 -9999 -9999 -9999 -9999 -9999 -9999 -9999 -9999 -9999 -9999 -9999 -9999 -9999 -9999 -9999 -9999 -9999 -9999 -9999 -9999 -9999 -9999 -9999 -9999 -9999 -9999 -9999 -9999 -9999 122.85 121.82 120.82 121.34 123.34 124.31 124.65 125.08 125.11 125.06 125.33 125.7 126.06 125.94 125.65 126 126.87 126.92 126.63 126.56 126.51 126.81 127.28 127.61 128.09 128.39 128.49 128.5 128.74 128.94 129.08 129.41 129.86 130.26 130.46 130.55 130.62 130.54 129.92 130.15 131.14
-9999 -9999 -9999 -9999 -9999 -9999 -9999 -9999 -9999 -9999 -9999 -9999 -9999 -9999 -9999 -9999 -9999 -9999 -9999 -9999 -9999 -9999 -9999 -9999 -9999 -9999 -9999 -9999 -9999 -9999 -9999 -9999 122.36 122.71 121.84 121.39 122.33 123.56 123.94 123.93 123.67 124.31 124.71 124.96 125.35 125.81 125.96 126.04 126.42 126.87 127.08 126.91 126.75 126.75 127.01 127.47 127.96 128.5 128.83 129.03 129.21 129.34 129.49 129.64 129.83 130.37 130.84 131.02 131.17 131.25 131.18 130.99 131.08 131.48
-9999 -9999 -9999 -9999 -9999 -9999 -9999 -9999 -9999 -9999 -9999 -9999 -9999 -9999 -9999 -9999 -9999 -9999 -9999 -9999 -9999 -9999 -9999 -9999 -9999 -9999 -9999 -9999 -9999 -9999 -9999 -9999 122.43 122.35 121.98 122.15 123.04 123.82 123.77 123.53 123.38 124.03 124.67 125 125.23 125.56 125.78 126.06 126.47 126.8 126.74 127.04 127.03 126.96 127.16 127.66 128.19 128.68 128.99 129.37 129.74 129.89 130.04 130.2 130.38 130.85 131.32 131.52 131.74 131.84 131.79 131.67 131.63 131.75
-9999 -9999 -9999 -9999 -9999 -9999 -9999 -9999 -9999 -9999 -9999 -9999 -9999 -9999 -9999 -9999 -9999 -9999 -9999 -9999 -9999 -9999 -9999 -9999 -9999 -9999 -9999 -9999 -9999 -9999 -9999 -9999 122.98 121.9 122.04 122.45 123.11 123.73 123.77 123.58 123.98 124.59 125.1 125.42 125.48 125.53 125.6 125.92 126.52 127.08 127.44 127.51 127.5 127.15 127.32 127.94 128.54 129.04 129.17 129.66 130.11 130.38 130.59 130.8 131.06 131.48 132 132.19 132.38 132.48 132.4 132.21 132.06 131.97
