Tests/Data/FileIO/XyzIncompleteTest.asc
ncols 84
nrows 106
xllcorner 303850
yllcorner 5696550
cellsize 50
NODATA_value -9999
[rows 33 to 65 of 106, columns 0 to 73 of 84]
-9999 -9999 -9999 -9999 -9999 -9999 -9999 -9999 -9999 -9999 -9999 -9999 -9999 -9999 -9999 -9999 -9999 -9999 -9999 -9999 -9999 -9999 -9999 -9999 -9999 -9999 -9999 -9999 -9999 -9999 -9999 123.37 122.93 122.29 122.31 122.67 123.12 123.93 124.33 124.07 124.56 125.15 125.5 125.76 125.74 125.68 125.56 125.9 126.67 127.39 127.92 127.97 128.05 127.85 127.89 128.38 128.97 129.64 130.15 130.27 130.59 130.88 131.14 131.39 131.65 131.97 132.59 132.87 133.01 133.16 132.98 132.7 132.49 132.42
-9999 -9999 -9999 -9999 -9999 -9999 -9999 -9999 -9999 -9999 -9999 -9999 -9999 -9999 -9999 -9999 -9999 -9999 -9999 -9999 -9999 -9999 -9999 -9999 -9999 -9999 -9999 -9999 -9999 -9999 -9999 123.04 122.71 122.52 122.63 122.99 123.51 124.05 124.28 124.47 124.98 125.44 125.66 125.86 125.99 126.02 126.06 126.39 126.95 127.55 127.98 128.16 128.22 128.28 128.51 128.87 129.33 129.93 130.46 130.78 131.09 131.39 131.68 131.96 132.24 132.44 132.71 133.15 133.46 133.58 133.39 133.1 132.95 133.02
-9999 -9999 -9999 -9999 -9999 -9999 -9999 -9999 -9999 -9999 -9999 -9999 -9999 -9999 -9999 -9999 -9999 -9999 -9999 -9999 -9999 -9999 121.37 121.55 121.54 121.39 -9999 -9999 -9999 -9999 123.2 122.7 122.29 122.53 122.83 123.26 123.82 124.15 124.03 124.48 125.09 125.51 125.66 125.96 126.25 126.37 126.5 126.81 127.27 127.76 128.13 128.34 128.39 128.53 128.99 129.28 129.54 130.1 130.68 131.14 131.54 131.87 132.17 132.51 132.9 133.2 133.43 133.73 133.91 133.9 133.7 133.43 133.37 133.69
-9999 -9999 -9999 -9999 -9999 -9999 -9999 -9999 -9999 -9999 -9999 -9999 -9999 -9999 -9999 -9999 -9999 -9999 -9999 -9999 -9999 -9999 120.98 119.61 119.93 120.85 121.39 122.15 122.55 -9999 123.02 122.43 122.04 122.45 122.95 123.41 123.77 123.89 123.89 124.5 125.11 125.53 125.78 126.09 126.38 126.59 126.78 127.1 127.56 128.04 128.38 128.62 128.8 129 129.31 129.58 129.89 130.4 130.96 131.47 131.95 132.26 132.55 132.94 133.43 133.88 134.25 134.51 134.45 134.32 134.15 133.93 133.86 134.61
-9999 -9999 -9999 -9999 -9999 -9999 -9999 -9999 -9999 -9999 -9999 -9999 -9999 -9999 -9999 -9999 -9999 -9999 -9999 -9999 -9999 -9999 121.06 121.11 119.62 119.46 119.54 120.11 121.67 122.95 123.14 122.33 122.18 122.51 123.08 123.56 123.78 123.91 124.21 124.78 125.32 125.74 126.02 126.28 126.54 126.76 126.95 127.25 127.75 128.36 128.6 128.92 129.31 129.51 129.71 129.89 130.27 130.79 131.31 131.77 132.16 132.45 132.78 133.21 133.71 134.24 134.71 134.97 134.93 134.82 134.81 134.87 135.21 135.68
-9999 -9999 -9999 -9999 -9999 -9999 -9999 -9999 -9999 -9999 -9999 -9999 -9999 -9999 -9999 -9999 -9999 -9999 -9999 -9999 -9999 -9999 121.36 121.35 121.13 120.49 120.53 119.28 120.18 122.57 122.6 122.01 122.24 122.54 123.02 123.6 123.98 124.2 124.72 125.2 125.69 126.07 125.77 126.04 126.73 126.98 127.06 127.27 127.71 128.14 128.6 129.09 129.53 129.9 130.23 130.26 130.73 130.99 131.74 132.14 132.47 132.63 132.99 133.39 133.88 134.44 134.95 135.22 135.36 135.49 135.73 135.93 136.23 136.41
-9999 -9999 -9999 -9999 -9999 -9999 -9999 -9999 -9999 -9999 -9999 -9999 -9999 -9999 -9999 -9999 -9999 -9999 -9999 -9999 -9999 -9999 -9999 -9999 121.7 122.18 122.11 120.82 120.74 122.77 122.79 122.58 122.53 122.64 122.94 123.77 124.4 124.8 125.25 125.59 126.07 125.98 125.84 126.57 126.89 127.23 127.32 127.45 127.8 128.06 128.7 129.27 129.7 130.09 130.87 131 131.32 131.8 132.29 132.7 133.02 133.23 133.43 133.52 133.91 134.56 135.05 135.43 135.74 136.09 136.61 136.99 137.26 137.16
-9999 -9999 -9999 -9999 -9999 -9999 -9999 -9999 -9999 -9999 -9999 -9999 -9999 -9999 -9999 -9999 -9999 -9999 -9999 -9999 -9999 -9999 -9999 -9999 -9999 -9999 -9999 123.18 123.44 123.52 120.42 120.31 120.4 123.01 123.35 124.01 124.65 125.07 125.43 125.75 126.13 126.55 126.61 126.59 127.15 127.69 127.92 128.01 128.26 128.66 129.16 129.63 130.02 130.42 130.98 131.42 131.83 132.33 132.9 133.4 133.68 133.92 133.9 133.57 133.82 134.61 135.18 135.63 136.02 136.48 137.03 137.55 137.89 137.65
-9999 -9999 -9999 -9999 -9999 -9999 -9999 -9999 -9999 -9999 -9999 -9999 -9999 -9999 -9999 -9999 -9999 -9999 -9999 -9999 -9999 -9999 -9999 -9999 -9999 -9999 -9999 -9999 123.82 123.85 122.21 120.4 120.55 123.44 123.72 124.21 124.76 125.23 125.58 125.78 125.89 126.13 126.82 127.31 127.68 128.24 128.49 128.52 128.76 129.27 129.72 130.14 130.43 130.79 131.26 131.77 132.25 132.75 133.32 133.89 134.1 134.49 134.35 134.13 134.36 134.93 134.77 135.86 136.26 136.76 137.33 137.73 137.81 137.7
-9999 -9999 -9999 -9999 -9999 -9999 -9999 -9999 -9999 -9999 -9999 -9999 -9999 -9999 -9999 -9999 -9999 -9999 -9999 -9999 -9999 -9999 -9999 -9999 -9999 -9999 -9999 -9999 124.03 123.94 123.7 123.69 123.78 123.87 124.01 124.41 124.92 125.43 125.85 125.94 125.93 126.33 127.45 128.26 128.4 128.65 128.86 128.88 129.07 129.62 130.16 130.59 130.81 131.09 131.58 132.15 132.64 133.07 133.48 133.86 134.1 134.36 134.51 134.71 135.09 135.5 135.88 136.21 136.47 137.02 137.64 137.91 137.7 137.42
-9999 -9999 -9999 -9999 -9999 -9999 -9999 -9999 -9999 -9999 -9999 -9999 -9999 -9999 -9999 -9999 -9999 -9999 -9999 -9999 -9999 -9999 -9999 -9999 -9999 -9999 -9999 -9999 124.68 124.42 124.24 124.22 124.32 124.39 124.4 124.69 125.14 125.66 126.2 126.17 126.21 126.99 127.98 128.76 128.82 129.03 129.36 129.41 129.4 130.08 130.58 130.95 131.19 131.35 131.99 132.69 133.1 133.37 133.65 133.9 134.13 134.51 135 135.56 135.92 136.16 136.45 136.74 137.06 137.64 138.08 138.12 137.74 137.08
-9999 -9999 -9999 -9999 -9999 -9999 -9999 -9999 -9999 -9999 -9999 -9999 -9999 -9999 -9999 -9999 -9999 -9999 -9999 122.76 122.71 122.49 122.41 122.45 122.69 123.07 123.51 123.83 124.36 124.57 124.66 124.75 124.86 124.94 124.9 125.04 125.38 125.87 126.35 126.56 126.9 127.64 128.33 128.76 128.86 129.24 129.91 130.38 130.45 130.79 131.13 131.47 131.81 132.17 132.94 133.5 133.66 133.71 133.9 134.13 134.42 134.89 135.81 136.87 136.78 136.82 137.03 137.34 137.77 138.28 138.66 138.54 138.12 137.72
-9999 -9999 -9999 -9999 -9999 -9999 -9999 -9999 -9999 -9999 -9999 -9999 -9999 -9999 -9999 -9999 -9999 -9999 122.27 122.26 122.25 122.27 122.29 122.37 122.55 122.87 123.22 123.37 123.83 124.49 124.95 125.22 125.32 125.36 125.35 125.46 125.72 126.14 126.75 127.47 128.02 128.42 128.84 129.11 129.02 129.53 130.28 130.83 131.22 131.54 131.7 132.08 132.56 133.19 133.95 134.27 134.28 134.25 134.33 134.49 134.76 135.27 136.27 137.62 137.46 137.34 137.51 137.82 138.19 138.55 138.83 138.79 138.53 138.21
-9999 -9999 -9999 -9999 -9999 -9999 -9999 -9999 -9999 -9999 -9999 -9999 -9999 -9999 -9999 -9999 -9999 -9999 121.99 121.54 121.71 122.07 122.25 122.37 122.47 122.7 123.23 123.48 123.92 124.59 125.25 125.67 125.76 125.84 125.93 126.04 126.23 126.51 127.18 128.12 128.77 129.06 129.44 129.84 130.09 130.31 130.78 131.28 131.78 132.24 132.34 132.68 133.2 133.85 134.43 134.72 134.85 134.83 134.84 134.91 135.05 135.44 136.29 137.19 137.52 137.57 137.87 138.2 138.48 138.66 138.73 138.85 138.72 138.38
-9999 -9999 -9999 -9999 -9999 -9999 -9999 -9999 -9999 -9999 -9999 -9999 -9999 -9999 -9999 -9999 -9999 122.04 121.9 121.81 121.92 122.18 122.39 122.55 122.67 122.86 123.63 124.09 124.46 124.85 125.2 125.83 126.16 126.37 126.54 126.67 126.82 127.13 127.62 128.18 128.9 129.43 129.88 130.39 130.82 130.93 131.24 131.64 132.09 132.48 132.78 133.16 133.63 134.15 134.48 134.79 135.24 135.33 135.35 135.36 135.44 135.71 136.63 137.4 137.74 137.82 138.22 138.58 138.76 138.54 138.59 139.09 138.81 138.35
-9999 -9999 -9999 -9999 -9999 -9999 -9999 -9999 -9999 -9999 -9999 -9999 -9999 -9999 -9999 -9999 -9999 122.14 122.08 122.16 122.32 122.5 122.67 122.9 123.25 123.79 124.4 124.81 125.1 125.37 125.65 126.21 126.58 126.91 127.17 127.33 127.44 127.76 128.15 128.57 129.18 129.7 130.09 130.49 130.88 131.21 131.55 131.91 132.33 132.69 133.04 133.51 133.91 134.28 134.78 135.29 135.57 135.69 135.79 135.83 136.02 136.49 137.26 138.03 138.36 138.43 138.61 139 139.31 139.09 139.26 139.65 139.3 138.84
-9999 -9999 -9999 -9999 -9999 -9999 -9999 -9999 -9999 -9999 -9999 -9999 -9999 -9999 -9999 -9999 -9999 122.44 122.37 122.56 122.81 122.89 122.98 123.23 123.74 124.59 125.25 125.5 125.72 126.03 126.36 126.56 126.87 127.39 127.78 127.92 128.23 128.38 128.75 129.19 129.59 129.85 130.03 130.39 130.86 131.32 131.77 132.21 132.58 132.88 133.18 133.68 134.06 134.27 134.79 135.58 136.09 135.91 136.09 136.24 136.53 137.09 137.86 138.66 138.92 138.78 138.69 139.08 139.92 139.54 139.5 139.65 139.99 139.41
-9999 -9999 -9999 -9999 -9999 -9999 -9999 -9999 -9999 -9999 -9999 -9999 -9999 -9999 -9999 -9999 122.91 122.7 122.55 122.86 123.29 123.23 123.18 123.34 123.8 124.55 125.2 125.8 126.03 126.55 127.1 126.94 127.11 127.61 127.98 128.14 128.37 128.72 129.2 129.66 129.95 129.61 129.62 130.18 130.81 131.38 131.94 132.49 132.83 133.06 133.33 133.78 134.22 134.42 134.87 135.69 136.27 136.36 136.48 136.64 136.91 137.55 138.33 138.94 139.11 138.85 138.38 138.27 139.04 139.38 139.4 139.22 139.56 139.59
-9999 -9999 -9999 -9999 -9999 -9999 -9999 -9999 -9999 -9999 -9999 -9999 -9999 -9999 -9999 -9999 123.26 123 122.62 123.06 123.61 123.43 123.24 123.27 123.53 123.93 124.46 125.01 125.91 126.67 127.32 127.35 127.41 127.67 127.94 128.12 128.27 128.82 129.41 129.74 129.55 129.26 129.33 130.16 130.86 131.44 131.99 132.56 132.93 133.2 133.57 134.08 134.53 134.76 135.23 135.9 136.34 136.28 136.79 137.21 137.18 138.08 138.84 139.37 139.47 139.04 138.38 137.98 138.75 138.74 138.56 138.56 138.57 139.09
-9999 -9999 -9999 -9999 -9999 -9999 -9999 -9999 -9999 -9999 -9999 -9999 -9999 -9999 -9999 -9999 123.79 123.55 123.35 123.43 123.6 123.56 123.38 123.27 123.35 123.47 124.2 124.97 125.83 126.15 126.33 126.64 127 127.19 127.87 128.07 128.3 128.77 129.21 129.24 128.83 129.13 129.79 130.53 130.64 131.05 131.68 132.44 132.88 133.28 133.77 134.45 135.08 135.51 135.99 136.48 136.73 136.96 137.81 138.28 138.46 138.9 139.45 139.85 139.88 139.41 138.94 138.79 139.12 139.53 139.64 139.52 139.47 139.4
-9999 -9999 -9999 -9999 -9999 -9999 -9999 -9999 -9999 -9999 -9999 -9999 -9999 -9999 -9999 -9999 124.2 124.11 123.96 123.77 123.56 123.78 123.65 123.44 123.52 123.9 124.59 125.3 125.93 126.24 126.35 127.09 127.41 127.62 127.81 128.02 128.3 128.68 129.02 129.1 128.98 129.51 130.35 131.17 131.38 131.6 131.95 132.42 132.95 133.37 133.92 134.92 135.86 136.6 137.12 137.48 137.69 138.04 139.07 139.51 139.51 139.7 140 140.16 140.07 139.73 139.42 139.36 139.56 139.87 139.9 139.47 139.37 139.26
-9999 -9999 -9999 -9999 -9999 -9999 -9999 -9999 -9999 -9999 -9999 -9999 -9999 -9999 -9999 -9999 -9999 -9999 124.31 123.93 124.08 123.97 124.12 124.03 124.04 124.15 124.94 125.58 126.12 126.53 126.84 127.08 127.34 127.57 127.76 127.96 128.23 128.62 129.08 129.4 129.71 130.26 130.79 131.29 131.49 131.66 132.07 132.72 133.38 133.67 133.83 135.15 136.41 136.94 137.8 138.48 138.94 139.29 139.75 140.06 140.2 140.3 140.37 140.38 140.28 139.88 139.66 139.67 139.82 139.86 139.65 139.4 139.24 139.1
-9999 -9999 -9999 -9999 -9999 -9999 -9999 -9999 -9999 -9999 -9999 -9999 -9999 -9999 -9999 -9999 -9999 -9999 -9999 -9999 123.9 124.36 124.67 124.69 124.82 125.06 125.49 125.96 126.38 126.65 126.86 127.07 127.35 127.6 127.78 127.94 128.23 128.57 129.15 129.62 130.09 130.95 130.9 131.19 131.53 131.8 132.6 133.76 134.46 134.64 134.57 135.67 136.37 137.71 137.54 137.9 138.18 138.47 140.24 140.48 140.37 140.77 140.64 140.4 140.07 139.7 139.61 139.73 139.94 139.76 139.47 139.28 139.11 138.92
-9999 -9999 -9999 -9999 -9999 -9999 -9999 -9999 -9999 -9999 -9999 -9999 -9999 -9999 -9999 -9999 -9999 -9999 -9999 -9999 -9999 -9999 124.97 125.28 125.67 125.93 126.15 126.4 126.61 126.78 126.96 127.18 127.46 127.76 128.02 128.15 128.48 128.74 129.2 129.59 129.94 130.18 130.54 131.18 131.34 131.71 132.4 133.04 133.54 134.12 134.73 135.45 135.78 138.1 138.15 138.25 138.39 138.58 138.93 139.42 139.82 141.26 140.4 140.34 139.72 139.26 139.41 139.6 139.72 139.62 139.4 139.19 138.98 138.74
-9999 -9999 -9999 -9999 -9999 -9999 -9999 -9999 -9999 -9999 -9999 -9999 -9999 -9999 -9999 -9999 -9999 -9999 -9999 -9999 -9999 -9999 125.08 125.77 125.44 126.75 126.79 126.84 126.83 126.9 127.06 127.29 127.61 127.99 128.45 128.99 128.92 129 129.39 129.73 129.87 129.83 130.29 131.39 132.58 133.12 134.38 135.62 135.66 135.7 135.62 135.45 137.35 138.12 138.39 138.69 138.61 138.23 139.23 139.8 140.52 141.82 140.67 140.39 139.53 139.14 139.33 139.53 139.6 139.5 139.29 139.08 138.85 138.54
-9999 -9999 -9999 -9999 -9999 -9999 -9999 -9999 -9999 -9999 -9999 -9999 -9999 -9999 -9999 -9999 -9999 -9999 -9999 -9999 -9999 -9999 125.25 125.7 127.8 127.12 127.3 127.14 126.9 126.94 127.14 127.41 127.77 128.14 128.58 128.96 128.91 128.96 129.34 129.78 130.2 130.54 130.87 131.59 133.29 134.13 134.56 135.5 136.05 136.09 136.27 136.3 137.45 137.75 139.42 139.18 139.29 139.43 140.04 140.92 140.91 140.3 140.2 140.02 139.69 139.33 139.48 139.61 139.63 139.46 139.15 138.94 138.72 138.31
-9999 -9999 -9999 -9999 -9999 -9999 -9999 -9999 -9999 -9999 -9999 -9999 -9999 -9999 -9999 -9999 -9999 -9999 -9999 -9999 -9999 -9999 125.56 126.29 126.76 126.82 127.29 126.81 126.63 126.91 127.31 127.69 128.09 128.45 128.6 128.65 128.51 128.64 129.12 129.73 130.93 131.71 132.12 132.97 133.35 134.65 134.82 135.41 136.7 135.99 136.6 135.91 137.94 137.65 138.66 139.1 140.06 140.18 140.67 141.21 141.43 140.2 140.14 140.29 140.03 139.78 139.79 139.83 139.8 139.64 139.03 138.74 138.38 137.99
-9999 -9999 -9999 -9999 -9999 -9999 -9999 -9999 -9999 -9999 -9999 -9999 -9999 -9999 -9999 -9999 -9999 -9999 -9999 -9999 -9999 -9999 -9999 125.86 125.68 125.7 126 125.92 126.21 126.85 127.36 127.8 128.58 129.06 128.7 128.55 128.22 128.22 129.13 130.62 131.82 132.26 132.93 132.46 132.99 133.3 134.63 135.64 136.19 136.29 135.49 136.69 137.37 137.92 138.44 138.89 139.85 140.33 140.83 141.59 140.4 140.24 138.79 139.13 138.6 138.8 138.91 139.55 138.14 138.79 139.53 138.52 137.83 137.46
-9999 -9999 -9999 -9999 -9999 -9999 -9999 -9999 -9999 -9999 -9999 -9999 -9999 -9999 -9999 -9999 -9999 -9999 -9999 -9999 -9999 -9999 125.88 125.43 124.56 124.63 125.36 125.62 125.98 126.77 128.03 128.25 130.91 129.58 128.66 128.25 128.21 127.89 129.51 131.46 133.21 -9999 132.01 132.31 132.97 133.62 134.54 135.91 135.8 136.06 136.61 136.65 137.75 137.99 138.55 139.17 139.97 140.34 140.97 139.93 141.57 141.57 140.77 140.68 141.71 141.36 141.69 141.62 140.63 139.96 139.29 137.6 137.07 137.07
-9999 -9999 -9999 -9999 -9999 -9999 -9999 -9999 -9999 -9999 -9999 -9999 -9999 -9999 -9999 -9999 -9999 -9999 -9999 -9999 -9999 -9999 125.99 125.68 124.63 125.03 125.74 125.64 125.91 126.61 128.11 128.82 129.39 129.54 129.01 128.86 129.09 129.54 130.89 132.12 132.09 131.76 132.24 132.6 133.34 133.92 134.57 135.16 135.01 135.64 135.86 136.06 137.31 137.71 138.82 139.31 139.37 140.61 140.58 140.85 141.36 142.03 141.92 141.13 141.91 141.41 140.48 140.96 139.72 139.49 138.06 136.69 136.5 136.75
-9999 -9999 -9999 -9999 -9999 -9999 -9999 -9999 -9999 -9999 -9999 -9999 -9999 -9999 -9999 -9999 -9999 -9999 -9999 -9999 -9999 -9999 126.36 125.72 125.38 125.81 126.44 126.27 126.7 128.2 128.46 129.1 129.25 129.49 129.55 129.88 130.4 130.98 131.81 133.46 132.75 132.78 132.74 132.56 133.82 134.06 134.48 135.15 135.77 135.92 135.47 136.44 137.2 138.06 139.54 139.29 139.51 140.02 139.95 139.45 140.66 141.09 140.97 140.63 139.79 140.03 139.84 139.69 139.75 137.39 136.94 136.4 136.14 136.05
-9999 -9999 -9999 -9999 -9999 -9999 -9999 -9999 -9999 -9999 -9999 -9999 -9999 -9999 -9999 -9999 -9999 -9999 -9999 -9999 -9999 -9999 126.52 126.15 126.06 126.53 126.88 127.09 127.54 128.21 128.6 128.85 129.02 129.43 129.95 130.22 130.95 131.08 -9999 -9999 133.4 133.72 133.35 132.81 132.72 134.22 134.25 135.23 136.12 136.67 136.99 137.13 137.33 137.83 138.71 138.67 139.86 139.77 139.95 140.87 140.22 139.97 139.59 139.49 139.3 138.01 138.27 137.53 137.48 136.27 136.41 136.06 135.8 135.52
-9999 -9999 -9999 -9999 -9999 -9999 -9999 -9999 -9999 -9999 -9999 -9999 -9999 -9999 -9999 -9999 -9999 -9999 -9999 -9999 -9999 -9999 127.03 126.88 127.41 127.38 127.51 127.72 128.05 128.33 128.69 128.91 -9999 -9999 -9999 -9999 -9999 -9999 -9999 -9999 133.73 133.3 132.37 134.06 133.67 134.32 134.78 135.14 135.23 136.64 136.46 136.12 137.73 137.8 139.77 138.96 139.2 139.2 139.28 139.47 139.08 139.21 138.95 137.8 135.73 134.42 133.12 132.82 135.06 135.25 136.14 135.75 135.59 135.18
