Tests/Data/MeshGeoToolsLib/Hamburg/00-raster.asc
ncols         297
nrows         204
xllcorner     559440.546880
yllcorner     5928897.096700
cellsize      25.000000
NODATA_value  -9999
[rows 28 to 55 of 204, columns 130 to 194 of 297]
24.020882 23.639263 23.257644 22.887329 22.555011 22.222693 21.740632 21.299557 20.925056 20.550555 20.176054 19.720241 19.361596 19.154123 18.962144 18.772726 18.583308 18.393890 18.204472 18.015054 17.536194 17.031338 16.535391 16.174611 16.065585 15.848190 15.174592 14.287584 13.909163 13.608639 13.308115 13.007620 12.707161 12.080019 11.537528 11.933895 11.766153 11.598411 11.492449 11.695473 11.877118 12.389065 13.006034 13.623005 14.239979 14.669944 14.869356 15.068768 15.289724 15.240282 15.106474 14.972666 14.785103 14.427861 13.952086 13.528721 13.347428 13.166136 13.210565 13.320569 13.430574 13.295384 13.298295 13.674811 14.098942
23.905426 23.498324 23.091223 22.684121 22.277019 21.794626 21.366129 20.903409 20.428635 19.953861 19.479087 19.004312 18.724862 18.520941 18.332109 18.146435 17.960761 17.775087 17.586131 17.209719 16.646067 16.072469 15.577162 15.269315 14.856833 14.295105 13.709239 13.205643 12.956325 12.655865 12.355406 12.054947 11.717147 10.998197 10.294235 10.249207 10.153511 10.121444 10.104145 10.170999 10.413157 10.951091 11.568063 12.185037 12.802011 13.268838 13.468251 13.667663 13.869299 13.816477 13.705949 13.595420 13.262759 12.658633 12.293395 11.850548 11.055614 11.100411 11.210416 11.320420 11.430425 11.295117 11.139596 11.364225 11.740741
23.793353 23.386251 22.974838 22.269389 21.563939 20.989856 20.619300 20.186658 19.712707 19.237932 18.763158 18.295601 18.088128 17.890155 17.700847 17.512914 17.327240 17.141566 16.741851 16.155155 15.581557 15.007959 14.525420 14.217573 13.693713 13.152114 12.610514 12.153884 11.998431 11.703192 11.402732 11.102273 10.668192 9.949242 9.415253 9.310320 9.278253 9.246186 9.214116 9.206893 9.189085 9.508966 10.130096 10.747069 11.364043 11.867733 12.067495 12.270483 12.473471 12.529228 12.418699 12.308170 11.728563 11.124444 10.799510 10.304768 9.815744 9.456555 9.249628 9.320271 9.430276 9.294853 9.144736 9.053638 9.430154
23.210611 22.744151 22.038702 21.333252 20.627803 20.249624 19.872472 19.439829 18.996778 18.522004 18.047230 17.658867 17.451394 17.259368 17.070061 16.880753 16.693718 16.282420 15.689328 15.096236 14.517047 13.943449 13.473678 13.072193 12.530593 11.988994 11.500142 11.158639 10.946671 10.750518 10.450058 10.149599 9.619237 8.900286 8.629378 8.435062 8.402995 8.370926 8.326416 8.304307 8.295423 8.291103 8.523010 9.180091 9.839691 10.409928 10.671668 10.874656 11.077644 11.241978 11.131450 10.798493 10.194374 9.734112 9.428477 9.033416 8.575875 8.118338 7.874708 7.667781 7.462261 7.329428 7.195153 7.243522 7.216263
21.753713 21.758508 21.102565 20.397116 19.868676 19.509392 19.125643 18.693001 18.260358 17.806076 17.331302 17.022133 16.817889 16.628581 16.439274 16.244097 15.616197 15.229898 14.636805 14.043713 13.452536 12.878938 12.421936 11.909073 11.367477 10.940296 10.570627 10.238615 9.940832 9.739458 9.497385 9.196925 8.570283 8.052377 7.843504 7.634630 7.527737 7.475723 7.419528 7.410645 7.401762 7.392879 7.405892 7.539465 8.197159 8.632862 9.013875 9.394888 9.681816 9.884804 9.844200 9.264304 8.668713 8.363078 8.101522 7.793546 7.336006 6.878468 6.635441 6.522894 6.410347 6.288389 6.154113 6.187534 6.092526
20.384481 20.301610 20.166429 19.487728 19.128444 18.770883 18.378815 17.946172 17.513530 17.080888 16.615374 16.385399 16.187102 15.940840 15.278794 14.616749 13.954703 13.608811 13.292821 12.976827 12.398099 11.814428 11.287552 10.750119 10.380450 10.010781 9.641112 9.318590 9.020811 8.723024 8.532249 8.240277 7.521323 7.266502 7.057629 6.932213 6.787014 6.568133 6.525866 6.516983 6.508100 6.591850 6.552772 6.559084 6.552493 6.855795 7.236808 7.617822 7.998835 8.379849 8.334233 7.730120 7.297680 6.992042 6.804054 6.553677 6.096137 5.781390 5.619625 5.470978 5.358432 5.245885 5.131378 5.208895 5.022176
19.210550 19.079171 18.918975 18.747496 18.388212 18.033758 17.629398 17.194895 16.760391 16.325887 15.881999 15.614575 14.975532 14.313486 13.651439 13.077628 12.551865 12.302695 11.862752 11.422809 10.982866 10.653453 10.190273 9.820604 9.450934 9.081265 8.711596 8.398565 8.100787 7.803003 7.505216 7.191321 6.689501 6.598287 6.516013 6.433740 6.351467 5.989750 5.801806 5.889515 5.977225 6.010924 5.882738 5.797849 5.767048 5.736246 5.705444 5.840750 6.221763 6.602777 6.596479 6.232281 5.926643 5.686896 5.506585 5.313807 4.937290 4.775525 4.613760 4.451995 4.306515 4.193970 4.152884 4.189143 4.026336
17.679349 17.443966 17.208583 17.109624 17.478255 17.256479 16.792542 16.213998 15.635454 15.056908 14.391324 13.932851 13.555454 13.029691 12.503928 11.978166 11.462736 11.640124 11.200181 10.760238 10.288672 9.648977 9.323150 8.920712 8.521413 8.151750 7.782081 7.478541 7.180762 6.882982 6.585195 6.334626 6.182045 6.099716 6.017388 5.935059 5.852730 5.674890 5.457586 5.362599 5.450309 5.356758 5.228572 5.311488 5.132125 4.952763 4.919999 4.889197 4.858395 4.827592 4.821007 4.761030 4.569738 4.389428 4.261593 4.272866 4.111168 3.956591 3.802015 3.647438 3.492862 3.676541 3.643211 3.652855 3.720101
15.968957 15.733573 15.498190 15.578819 15.715050 15.437419 14.858875 14.280331 13.701780 13.105356 12.858142 12.632268 12.410816 11.930228 11.404466 10.878703 10.473832 10.776924 10.537611 9.975674 9.335978 8.780771 8.621001 8.258484 7.790067 7.383724 6.981443 6.646996 6.317529 5.988061 5.884399 5.836305 5.748974 5.666331 5.564787 5.455470 5.353774 5.271445 5.139459 5.036250 4.866969 4.702593 4.772279 4.916065 4.736703 4.557341 4.377979 4.267699 4.344476 4.465165 4.389565 4.206093 4.120642 4.119574 4.130847 4.076192 3.876476 3.710739 3.556162 3.401586 3.247010 3.299259 3.280849 3.304784 3.410809
14.525324 14.332276 14.131365 13.795117 13.772663 13.503752 12.925205 12.428852 12.051148 11.802005 11.562261 11.336077 11.110234 10.830767 10.305003 9.779240 9.484927 9.788019 9.657577 9.022980 8.383284 8.019984 7.918852 7.556335 7.186794 6.694345 6.249018 5.910677 5.703743 5.598755 5.553834 5.501235 5.413903 5.326572 5.251235 5.178560 5.069243 4.959926 4.838278 4.718123 4.483764 4.292542 4.383138 4.520643 4.341281 4.161919 4.096813 4.138827 4.180842 4.222857 4.224206 4.138755 4.053303 3.988827 4.000100 3.871940 3.672225 3.472509 3.310309 3.155734 3.042171 3.006440 2.997040 2.966889 3.062738
13.407728 13.214679 12.916476 12.580227 12.243980 11.827381 11.434318 11.041256 10.747796 10.498652 10.266379 10.040195 9.814012 9.588199 9.205540 8.679778 8.496022 8.635369 8.319519 8.003670 7.430590 7.259197 7.216703 6.854185 6.491672 6.091071 5.632173 5.440760 5.313110 5.268189 5.223269 5.166164 5.078833 4.991502 4.904171 4.836139 4.776686 4.683016 4.559036 4.451094 4.331897 4.149519 3.993998 4.125221 3.945859 3.925926 3.967941 4.009956 4.075006 4.169855 4.143932 4.071415 3.985964 3.900512 3.867403 3.667688 3.467973 3.334205 3.220954 3.116093 2.963850 2.905766 2.896366 2.886965 2.809375
12.290132 12.037834 11.701588 11.365344 11.029100 10.529965 10.046722 9.693588 9.444444 9.196681 8.970497 8.744314 8.518130 8.291946 8.066164 7.580315 7.507117 7.297311 6.981462 6.665612 6.521245 6.498410 6.510368 6.152036 5.789522 5.427009 5.209983 5.067387 4.959582 4.937623 4.892703 4.831094 4.743763 4.656432 4.570983 4.507652 4.458211 4.418993 4.342814 4.219882 4.119407 4.006496 3.824119 3.729799 3.755039 3.797055 3.856001 3.950850 4.045698 4.110394 4.054838 3.999283 3.918624 3.833173 3.857592 3.745948 3.634303 3.522657 3.411012 3.208488 2.927272 2.805093 2.795692 2.786291 2.733168
11.421563 10.979392 10.537220 10.150464 9.766021 9.311735 8.919019 8.545874 8.330358 8.104150 7.823099 7.542048 7.260997 6.996065 6.769881 6.495350 6.275102 6.093725 6.017496 5.941266 5.865037 5.788808 5.749581 5.449887 5.210162 5.043404 4.892775 4.750181 4.607587 4.552221 4.530975 4.537141 4.469001 4.400860 4.333667 4.284226 4.250059 4.298376 4.217859 4.092132 3.966404 3.840676 3.747847 3.681270 3.636996 3.731844 3.826693 3.921542 4.016390 4.021300 3.981994 3.957043 3.938856 3.975117 4.023527 3.934400 3.822755 3.720328 3.620341 3.500445 3.252512 3.004581 2.931165 2.865832 2.860565
10.777350 10.335178 9.875842 9.385705 8.903370 8.510655 8.114243 7.706807 7.332298 7.105203 6.824152 6.543101 6.262050 6.006387 5.775449 5.625619 5.549563 5.467186 5.390875 5.314564 5.238253 5.161943 5.104321 5.057503 4.890745 4.723987 4.575567 4.432974 4.290381 4.166104 4.233692 4.298878 4.230738 4.162597 4.110241 4.081124 4.129442 4.177759 4.092904 3.967176 3.841450 3.715724 3.697016 3.752736 3.785903 3.855776 3.948627 4.041478 4.160305 4.282127 4.257176 4.232225 4.207274 4.214128 4.217068 4.132664 4.040662 3.940675 3.840689 3.740702 3.583032 3.335098 3.146790 3.129641 3.137586
10.089247 9.599111 9.108973 8.618835 8.128696 7.709575 7.306556 6.899120 6.491685 6.117747 5.886809 5.655871 5.424933 5.195324 5.118946 5.054073 4.985265 4.885684 4.802763 4.726452 4.650141 4.573830 4.709753 4.709649 4.565402 4.404571 4.258361 4.134284 4.058708 3.983132 3.967227 4.060615 3.992475 3.936255 3.912190 3.960507 4.008825 4.057142 3.967949 3.842223 3.764652 3.768926 3.837121 3.908538 3.961280 3.987964 4.080815 4.201650 4.339058 4.476465 4.532359 4.507408 4.482456 4.459880 4.378403 4.294557 4.208627 4.122697 4.036767 3.950836 3.861062 3.677111 3.541106 3.519834 3.510756
9.322379 8.832241 8.342102 7.851964 7.361826 6.906305 6.498870 6.091437 5.684003 5.324889 5.074417 4.843479 4.689133 4.612756 4.536378 4.482526 4.420967 4.321386 4.221806 4.138339 4.062029 4.140955 4.315186 4.332826 4.289831 4.133956 4.085275 4.045807 3.970230 3.894654 3.819078 3.811366 3.762271 3.743255 3.791573 3.839890 3.899141 3.975266 3.933694 3.860732 3.870549 3.925265 3.992923 4.064339 4.135756 4.160740 4.242995 4.380403 4.517810 4.655217 4.792625 4.782590 4.710211 4.621214 4.539736 4.456450 4.370520 4.284590 4.198659 4.112729 4.041473 3.993567 4.004603 4.015483 3.935820
8.472085 7.965305 7.458525 6.951745 6.444965 6.062320 5.691191 5.283757 4.882968 4.550857 4.262025 4.182943 4.106565 4.030187 3.953810 3.910980 3.856669 3.757088 3.657508 3.557927 3.572157 3.746388 3.920619 3.972760 4.065374 3.909498 3.854726 3.822385 3.790045 3.757704 3.716489 3.626211 3.609751 3.685876 3.762000 3.838125 3.914250 3.990375 3.963894 3.991539 4.038583 4.085627 4.148725 4.220141 4.291558 4.352735 4.454692 4.559153 4.696561 4.832532 4.943145 4.966903 4.871440 4.782548 4.701070 4.618343 4.532413 4.446482 4.368776 4.300332 4.242905 4.208959 4.239477 4.268390 4.280495
7.516832 6.971414 6.464634 5.957854 5.451074 5.161976 4.862119 4.476078 4.108936 3.852806 3.717427 3.624903 3.532379 3.447619 3.379818 3.339433 3.292370 3.192790 3.093210 3.152372 3.270689 3.389006 3.526052 3.683936 3.840916 3.685040 3.624176 3.591836 3.559496 3.527155 3.507470 3.582564 3.645491 3.738841 3.815009 3.891177 3.967345 4.043513 4.141499 4.240390 4.287433 4.334477 4.388430 4.449935 4.478432 4.513707 4.616598 4.719489 4.821913 4.923659 5.025406 5.000024 4.980707 4.944791 4.862404 4.780236 4.696080 4.627636 4.559192 4.492243 4.445179 4.443834 4.474352 4.499354 4.511459
6.772210 6.151479 5.530748 4.963963 4.524690 4.261633 3.961775 3.668404 3.493074 3.314631 3.195895 3.102910 3.010386 2.917862 2.837021 2.768878 2.727502 2.665044 2.783362 2.901679 3.019996 3.138313 3.255929 3.395111 3.616459 3.460582 3.395326 3.367194 3.339061 3.419717 3.513642 3.658048 3.827879 3.955782 4.057303 4.133646 4.209814 4.285982 4.380214 4.489242 4.536285 4.583328 4.628888 4.619937 4.610985 4.641329 4.744220 4.847112 4.949896 5.015070 5.011246 5.026925 5.036773 5.046620 5.017479 4.939706 4.883260 4.818052 4.749608 4.694517 4.648191 4.678709 4.709227 4.730318 4.719311
6.027588 5.406857 4.813838 4.259482 3.769123 3.516626 3.271590 3.128192 3.005447 2.837912 2.674652 2.580916 2.488393 2.395869 2.320197 2.252054 2.262789 2.408346 2.532668 2.650986 2.769303 2.886530 2.998816 3.111103 3.251881 3.185163 3.185059 3.214402 3.308328 3.402254 3.572174 3.825357 4.010246 4.142094 4.258955 4.360476 4.452282 4.528451 4.618928 4.735465 4.785137 4.773812 4.761442 4.752490 4.743538 4.768951 4.869894 4.966292 5.053645 5.070472 5.087299 5.101827 5.111674 5.118997 5.093953 5.044989 5.033242 4.976796 4.923420 4.896791 4.883065 4.913054 4.893551 4.874048 4.827117
5.423936 4.869579 4.315223 3.774574 3.312830 2.875220 2.711440 2.588696 2.465951 2.343206 2.182750 2.058923 1.966399 1.873877 1.803373 1.797881 1.946615 2.093167 2.237961 2.382755 2.517131 2.630975 2.747675 2.864376 2.957022 3.027131 3.103013 3.196940 3.290866 3.384792 3.758709 3.992665 4.177554 4.324482 4.456310 4.562128 4.663649 4.765169 4.857643 4.903336 4.917972 4.905323 4.893995 4.883538 4.861055 4.885215 4.969921 5.066319 5.130421 5.147247 5.164074 5.176728 5.186575 5.160618 5.059651 4.998378 5.030707 5.063037 5.066592 5.014511 4.976729 4.940936 4.916602 4.897099 4.877596
4.919175 4.365945 3.812714 3.378605 2.969959 2.572493 2.281137 2.049199 1.926455 1.803711 1.680965 1.537089 1.444407 1.354692 1.332973 1.481707 1.630440 1.777988 1.922782 2.082142 2.303135 2.524128 2.644508 2.960150 3.007572 3.031700 3.101809 3.179477 3.273403 3.567911 3.945245 4.159974 4.344863 4.506870 4.638697 4.763780 4.865301 4.944325 4.923084 4.912734 4.938871 4.986799 4.999175 4.984017 4.961533 5.011158 5.080125 5.166346 5.207196 5.224023 5.240850 5.251629 5.207208 5.111200 5.010234 4.951768 4.984097 5.041323 4.953635 5.005994 5.035260 5.012824 4.977032 4.941239 4.905446
4.395480 3.887199 3.520208 3.153218 2.747225 2.382978 2.091621 1.800265 1.508909 1.264214 1.141470 1.018724 0.922415 0.868065 1.016799 1.165532 1.314266 1.462809 1.617804 1.838797 2.059791 2.280784 2.757326 3.108880 3.294918 3.036268 3.106378 3.176487 3.377113 3.754447 4.131781 4.327282 4.512171 4.689258 4.821085 4.928966 5.006653 5.032029 4.961645 4.901577 4.974945 5.015993 5.020889 5.025784 4.982479 5.048630 5.129242 5.209853 5.274104 5.300798 5.316684 5.248714 5.162748 5.061782 4.960817 4.905157 4.956532 5.009023 4.912368 4.854372 4.884086 4.913352 4.942618 4.971884 4.977335
4.009169 3.642177 3.275186 2.908196 2.524491 2.193463 1.902106 1.610749 1.319392 1.028037 0.736681 0.479229 0.412736 0.551892 0.700626 0.849359 0.998092 1.173250 1.374460 1.595453 1.857326 2.353603 2.849978 3.257611 3.582269 3.279387 3.356857 3.445791 3.742200 4.003893 4.309701 4.494590 4.679479 4.864368 4.991293 5.031009 5.039330 5.047651 5.000499 4.963092 5.032811 5.037707 5.042602 4.991294 4.880897 4.920484 4.995617 5.076229 5.156840 5.222065 5.256260 5.205057 5.113330 5.012365 4.911399 4.871741 4.960238 4.877943 4.795649 4.699009 4.732912 4.762178 4.791444 4.820710 4.849976
3.776295 3.397155 3.030164 2.663174 2.296185 2.003770 1.712591 1.421234 1.129877 0.838520 0.574402 0.427779 0.382656 0.420922 0.476123 0.629771 0.809070 0.986313 1.153553 1.440945 1.937223 2.433540 2.929915 3.406341 3.757894 3.566734 3.631447 3.819172 4.132057 4.352273 4.549708 4.723827 4.897945 5.072063 5.029811 5.038133 5.046454 5.054775 5.040129 5.039900 5.054525 5.059420 5.000110 4.873796 4.779690 4.819277 4.861992 4.942604 5.023216 5.103828 5.133485 5.136440 5.064038 4.963201 4.862363 4.882521 4.829159 4.746864 4.664569 4.582275 4.581500 4.611004 4.640271 4.669537 4.698803
3.665479 3.199855 2.785142 2.418152 2.053727 1.756731 1.471213 1.185694 0.927888 0.786035 0.644180 0.495420 0.551786 0.572225 0.560028 0.619124 0.745699 0.908016 1.125919 1.520842 2.017131 2.513478 3.009853 3.506228 3.906625 3.854080 3.906037 4.204109 4.417675 4.635115 4.809236 4.983355 5.157474 5.185606 5.120979 5.074239 5.053578 5.061899 5.070220 5.071343 5.076238 5.008925 4.882612 4.756299 4.678483 4.718070 4.757657 4.826983 4.928561 5.030139 5.007723 5.009221 4.962900 4.914342 4.813505 4.780374 4.698079 4.615784 4.533490 4.452618 4.412990 4.445701 4.478411 4.511122 4.552994
3.550694 3.085313 2.619932 2.176183 1.811282 1.509693 1.299206 1.157351 1.015496 0.873641 0.723526 0.588019 0.707915 0.718943 0.706746 0.694549 0.774137 0.962462 1.151916 1.600774 2.097111 2.593447 3.089789 3.586166 4.055356 4.141426 4.276162 4.489728 4.703294 4.894643 5.068765 5.242884 5.399791 5.275702 5.215258 5.168518 5.121778 5.075039 5.100163 5.093056 5.017740 4.891427 4.765114 4.638801 4.577276 4.616863 4.690717 4.769347 4.857019 4.926169 4.893346 4.870893 4.824571 4.778250 4.721907 4.649295 4.567000 4.484705 4.402411 4.323752 4.246337 4.277190 4.309901 4.367303 4.466935
3.424026 2.958645 2.493124 2.026787 1.684590 1.560299 1.404273 1.248247 1.103103 0.951633 0.797120 0.721072 0.840968 0.865660 0.853463 0.841267 0.983783 1.176628 1.413869 1.832513 2.260834 2.686828 3.169764 3.666101 4.162479 4.357809 4.521340 4.705761 4.890181 5.100986 5.328293 5.502413 5.489887 5.373794 5.323049 5.277838 5.232627 5.187417 5.174730 5.067738 4.927852 4.787967 4.648081 4.521303 4.482075 4.560705 4.639335 4.717965 4.796594 4.817314 4.784491 4.732564 4.686242 4.637471 4.565623 4.493774 4.421925 4.350075 4.272302 4.194887 4.117471 4.118824 4.183152 4.247480 4.380877
