Tests/Data/MeshGeoToolsLib/Hamburg/00-raster.asc
ncols         298
nrows         205
xllcorner     559440.546880
yllcorner     5928897.096700
cellsize      25.000000
NODATA_value  -9999
[rows 145 to 173 of 205, columns 65 to 129 of 298]
6.244959 6.286954 6.333001 6.432999 6.354033 6.277317 6.223562 6.169807 6.094667 5.827113 5.604648 5.414462 5.231443 5.117037 5.024661 4.958953 5.113253 5.365828 5.451945 5.504430 5.556914 5.609399 5.683260 5.768780 5.810671 5.700921 5.390467 5.193338 5.001758 4.799338 4.596917 4.394497 4.192076 4.032617 3.842947 3.525806 3.113581 3.125351 3.137121 3.177358 3.117597 3.119699 3.197821 3.275943 3.354065 3.289245 3.138226 2.998163 2.860371 2.713752 2.524481 2.389008 2.253536 2.118064 1.999423 2.053604 2.280414 2.507223 2.734033 2.959325 3.134607 3.341690 3.579388 3.723369 3.777323
5.995506 6.041553 6.124047 6.243799 6.164834 6.085869 6.022497 5.966331 5.904082 5.816018 5.551561 5.365711 5.149123 5.015197 4.954443 5.006241 5.058038 5.265386 5.406147 5.526608 5.593822 5.646307 5.717319 5.770523 5.660773 5.551023 5.225350 4.946347 4.775811 4.584014 4.381593 4.179173 3.997615 3.845801 3.687682 3.398193 3.085346 3.097116 3.094775 3.035015 2.975254 2.955008 3.033129 3.045155 2.984768 3.030403 2.910209 2.759189 2.604041 2.383014 2.181432 2.041788 1.902144 1.762501 1.622856 1.743755 2.031068 2.281593 2.532118 2.777386 2.990427 3.218889 3.485618 3.560982 3.608968
5.750106 5.803933 5.943691 6.054600 5.975635 5.896669 5.820490 5.764995 5.711702 5.658409 5.418362 5.109354 5.015185 4.949934 5.001731 5.053528 5.105326 5.165238 5.326005 5.446466 5.566927 5.683214 5.730375 5.620625 5.510875 5.401125 5.060234 4.699357 4.528821 4.358285 4.166269 3.963848 3.810800 3.658986 3.507172 3.270579 3.057111 3.012193 2.952432 2.892672 2.832912 2.775637 2.715250 2.654863 2.594476 2.706210 2.670203 2.484092 2.263396 2.042699 1.824606 1.635478 1.495833 1.376717 1.261922 1.544124 1.872763 2.143867 2.394392 2.627089 2.841050 3.103630 3.353305 3.398594 3.409199
5.508884 5.636300 5.763716 5.865401 5.791590 5.723804 5.704166 5.673032 5.619739 5.494229 5.131122 5.018594 4.946932 4.997221 5.049019 5.100816 5.152613 5.204411 5.245863 5.366324 5.486785 5.607246 5.522513 5.470727 5.360977 5.251227 4.895118 4.504927 4.281830 4.111294 3.940758 3.775798 3.623985 3.472171 3.320358 3.117633 2.929610 2.865308 2.798221 2.731134 2.664047 2.566125 2.437333 2.308542 2.258058 2.382017 2.364483 2.143447 1.922750 1.789976 1.591031 1.343497 1.157533 1.042737 0.974268 1.339456 1.673131 2.001774 2.256665 2.479985 2.732625 2.988371 3.190918 3.207209 3.209431
5.385757 5.531253 5.676750 5.755129 5.694828 5.604346 5.584709 5.565071 5.527777 5.200560 4.837453 4.865189 4.886060 4.979288 5.096306 5.148104 5.199901 5.251699 5.200409 5.286181 5.406642 5.527103 5.354743 5.195261 5.145798 5.096335 4.737695 4.355020 4.086310 3.952071 3.813277 3.653330 3.493384 3.320038 3.131060 2.871299 2.780482 2.689644 2.622557 2.555470 2.488383 2.366994 2.238202 2.129718 2.053671 2.150928 2.052569 1.818697 1.685411 1.553470 1.376904 1.129370 0.900691 0.734371 0.757656 1.122844 1.473498 1.802142 2.119904 2.372544 2.625184 2.877824 3.015483 3.015439 3.063977
5.330658 5.476154 5.621650 5.658813 5.611897 5.557049 5.465675 5.445614 5.297350 4.906891 4.635498 4.703056 4.770613 4.892017 5.037475 5.182933 5.247189 5.283469 5.222945 5.240341 5.330022 5.400472 5.153152 4.962280 4.912817 4.863354 4.597611 4.275367 3.994858 3.846521 3.671893 3.495486 3.319079 3.142671 2.895625 2.768172 2.640719 2.516764 2.446893 2.379806 2.296654 2.167863 2.069875 1.977026 1.884177 1.957211 1.776779 1.606131 1.454721 1.316965 1.162776 0.915243 0.667711 0.481066 0.719570 0.990690 1.271421 1.657235 1.992289 2.265099 2.571930 2.881912 3.056945 3.151535 3.246124
5.275558 5.421054 5.566551 5.562497 5.515581 5.465043 5.401594 5.327897 5.063461 4.705768 4.528076 4.617779 4.707482 4.819193 4.960481 5.101769 5.243057 5.306005 5.245481 5.194963 5.284643 5.195709 4.934683 4.729299 4.679836 4.630373 4.390811 4.105540 3.840647 3.668378 3.494527 3.318119 3.141712 2.922028 2.792498 2.663513 2.533390 2.403267 2.313074 2.204142 2.102880 2.010031 1.917183 1.824334 1.731485 1.745657 1.544975 1.393565 1.242155 1.090746 0.948519 0.701116 0.442848 0.503976 0.797743 1.091511 1.390627 1.702800 2.085425 2.441055 2.751038 3.061019 3.296340 3.338735 3.428271
5.229909 5.365955 5.511451 5.466181 5.411295 5.347845 5.259427 5.164054 4.961191 4.629951 4.467741 4.557443 4.647146 4.748238 4.889525 5.030813 5.172101 5.313389 5.285360 5.213180 5.111679 4.977239 4.716213 4.496318 4.456379 4.431136 4.252415 3.987457 3.718051 3.490235 3.317160 3.140753 2.964344 2.815603 2.685480 2.555358 2.425235 2.295113 2.164990 2.109384 1.965221 1.857338 1.764490 1.671642 1.578793 1.483818 1.332409 1.180999 1.029588 0.851960 0.650069 0.379226 0.279511 0.603602 0.927691 1.227399 1.534476 1.864148 2.248244 2.584311 2.924129 3.240127 3.540326 3.582720 3.620785
5.246388 5.331887 5.416781 5.346532 5.305153 5.263773 5.222394 5.150161 4.839882 4.529603 4.407405 4.497108 4.586810 4.677282 4.818570 4.959857 5.101145 5.242433 5.319885 5.262415 5.109289 4.875304 4.609781 4.376002 4.305046 4.259477 4.047997 3.836517 3.599968 3.330560 3.139793 2.963386 2.837571 2.707448 2.577326 2.447203 2.317081 2.215882 2.141472 2.092948 1.948425 1.804345 1.651919 1.491906 1.377566 1.270990 1.095673 0.893782 0.691892 0.490001 0.288111 0.052910 0.377001 0.701093 1.025183 1.354364 1.678325 2.026704 2.410802 2.741474 2.974614 3.328301 3.681987 3.826706 3.867894
5.320317 5.391660 5.488877 5.478895 5.437516 5.396137 5.354757 5.113911 4.803632 4.620260 4.560372 4.579469 4.626002 4.672535 4.830644 5.007830 5.185017 5.300925 5.315859 5.266487 5.190206 4.934979 4.626611 4.332814 4.153713 4.055059 3.843578 3.632098 3.420618 3.209138 2.961680 2.859539 2.729416 2.625918 2.525691 2.425464 2.325238 2.248484 2.234620 2.089570 1.935998 1.775732 1.615618 1.455506 1.276274 1.098741 0.923670 0.695207 0.466743 0.238280 0.009817 0.171916 0.474492 0.798584 1.122675 1.466017 1.817073 2.189262 2.573361 2.898638 3.115336 3.378785 3.676766 3.865788 4.059172
5.380800 5.460289 5.545932 5.598280 5.569880 5.528500 5.387940 5.086808 4.953662 4.820516 4.783576 4.761685 4.785756 4.832289 4.989014 5.166201 5.257458 5.272392 5.287326 5.252479 5.174085 4.994653 4.686288 4.377916 4.069543 3.855611 3.678405 3.501199 3.323993 3.146785 3.086916 2.840836 2.735273 2.635046 2.534820 2.434593 2.355496 2.376292 2.231242 2.086192 1.914071 1.739431 1.579317 1.419206 1.200267 0.967686 0.812775 0.584312 0.355848 0.127385 0.187060 0.427184 0.708655 0.990632 1.285337 1.656698 2.055746 2.538535 2.880452 3.112004 3.310947 3.509890 3.684375 3.889285 4.094195
5.449429 5.528918 5.608407 5.702204 5.702243 5.660864 5.420210 5.287064 5.153918 5.028672 5.006781 4.984890 4.962999 4.992043 5.147384 5.213991 5.228925 5.243859 5.271890 5.238471 5.157963 5.004213 4.744560 4.437595 4.129222 3.888857 3.711576 3.534370 3.385706 3.383434 3.311031 3.148922 2.867134 2.644175 2.543949 2.462508 2.485305 2.372914 2.227865 2.082813 1.892144 1.703130 1.543016 1.356842 1.124261 0.891680 0.659099 0.473417 0.244953 0.220300 0.460424 0.700549 0.963417 1.245394 1.562594 1.932063 2.408053 2.944862 3.199871 3.398815 3.597758 3.720060 3.823754 3.945393 4.129218
5.518058 5.597547 5.677036 5.793359 5.809660 5.732659 5.588199 5.443738 5.299278 5.193673 5.229986 5.208094 5.186203 5.164312 5.170524 5.185458 5.200392 5.223466 5.262384 5.224463 5.141842 5.009439 4.749786 4.490133 4.204383 3.967680 3.744746 3.682224 3.679952 3.677679 3.505183 3.333158 3.201644 2.893432 2.585579 2.640934 2.514586 2.369537 2.224487 2.061495 1.870217 1.678939 1.506716 1.280836 1.048255 0.815673 0.583092 0.362522 0.253540 0.493665 0.733789 0.973913 1.218179 1.500156 1.839851 2.272637 2.804623 3.231752 3.486682 3.685625 3.816145 3.902825 4.001300 4.122939 4.244578
5.624489 5.694903 5.765316 5.859833 5.948526 5.824964 5.680504 5.536045 5.391585 5.264556 5.453190 5.431299 5.409408 5.343384 5.232283 5.156925 5.175043 5.213960 5.252877 5.220108 5.143390 5.012570 4.740531 4.468493 4.406035 4.242643 4.032811 3.978396 3.974197 3.904311 3.699336 3.517394 3.385880 3.254366 3.092742 3.204637 2.932337 2.603298 2.271313 2.044852 1.858123 1.671393 1.478202 1.227871 0.995679 0.763488 0.543475 0.416270 0.545872 0.767029 1.007153 1.247277 1.487401 1.754917 2.137220 2.655527 3.046691 3.437854 3.756613 3.915865 3.998910 4.085589 4.178846 4.300485 4.422124
5.736223 5.806515 5.871532 5.925888 6.002700 5.905358 5.772811 5.628351 5.483891 5.339432 5.529380 5.654504 5.618401 5.507300 5.397166 5.297092 5.244409 5.281529 5.318649 5.315275 5.269170 4.989576 4.680932 4.506828 4.542578 4.578328 4.409798 4.281953 4.274850 4.098464 3.893489 3.701630 3.570116 3.457274 3.488660 3.525354 3.185685 2.846014 2.528249 2.236059 1.943870 1.707764 1.600592 1.302045 1.113378 0.984075 0.898942 0.813810 0.897559 1.130016 1.346850 1.562015 1.777076 2.024895 2.470467 2.907211 3.347610 3.788009 4.011322 4.134918 4.204624 4.274330 4.356392 4.463291 4.550459
5.774435 5.839452 5.892823 5.942695 6.003316 5.937223 5.814305 5.691388 5.568471 5.431738 5.600264 5.794872 5.795493 5.695419 5.595345 5.495271 5.395197 5.430382 5.467502 5.466244 5.327118 4.987377 4.647635 4.643372 4.679122 4.714871 4.750621 4.585510 4.554423 4.323000 4.091580 3.885866 3.774379 3.770313 3.795290 3.760383 3.420716 3.087007 2.794817 2.502628 2.230351 1.960866 1.691381 1.551879 1.466746 1.381613 1.296481 1.211348 1.232365 1.464822 1.697279 1.929736 2.153311 2.386190 2.875458 3.315346 3.755203 4.195602 4.329535 4.373273 4.423676 4.493382 4.562102 4.576975 4.664142
5.807372 5.859758 5.905675 5.963886 6.024507 5.957945 5.844930 5.723251 5.600334 5.482004 5.677205 5.737138 5.763428 5.794410 5.793523 5.693449 5.593375 5.579235 5.616355 5.617214 5.324918 4.985177 4.812230 4.805261 4.815665 4.851415 4.887165 4.922915 4.779777 4.548354 4.316933 4.104165 4.087418 4.083353 4.101920 3.995413 3.655747 3.355893 3.086408 2.834421 2.583177 2.331933 2.089754 1.973787 1.864284 1.779152 1.694019 1.608886 1.569492 1.799628 2.032085 2.262691 2.486523 2.710716 3.208641 3.697918 4.164629 4.525903 4.594605 4.637597 4.680589 4.723581 4.779220 4.788263 4.788328
5.827346 5.872609 5.924455 5.985076 6.045697 5.977505 5.862351 5.749336 5.632198 5.559538 5.644264 5.690412 5.679970 5.710951 5.741933 5.772915 5.791554 5.728088 5.765208 5.662460 5.322719 5.088850 4.981487 4.998495 4.979049 4.987958 5.023708 5.059458 5.005131 4.773707 4.542287 4.466849 4.439543 4.412237 4.408550 4.244245 3.993000 3.741756 3.490512 3.239268 2.988024 2.736780 2.540552 2.423733 2.310528 2.197323 2.091557 2.006425 1.956477 2.134435 2.363372 2.587202 2.811031 3.034860 3.541829 4.031101 4.503442 4.716106 4.769598 4.815426 4.861255 4.879762 4.874755 4.866849 4.852429
5.874557 5.915069 5.959668 6.006266 6.066887 5.998384 5.879773 5.766757 5.653742 5.621339 5.718994 5.801464 5.770843 5.740223 5.709603 5.689457 5.720439 5.751421 5.720374 5.660261 5.365471 5.258107 5.150744 5.187858 5.172283 5.152837 5.160252 5.196002 5.136178 4.999061 4.856840 4.829533 4.802227 4.709709 4.688690 4.517106 4.294639 4.067629 3.817564 3.567498 3.317432 3.135935 2.997082 2.873680 2.760474 2.647269 2.534064 2.412931 2.289464 2.464051 2.687880 2.911709 3.135538 3.359368 3.864661 4.364284 4.685663 4.821775 4.882955 4.944135 4.937135 4.922359 4.917352 4.912344 4.929677
5.921768 5.962280 6.008265 6.054498 6.100731 6.019263 5.898238 5.784179 5.711769 5.747576 5.845232 5.899517 5.868897 5.838277 5.807656 5.777036 5.746416 5.712839 5.637824 5.573396 5.534728 5.427364 5.320001 5.351804 5.365518 5.346072 5.326626 5.319941 5.247493 5.122150 5.051341 4.942304 4.833268 4.782699 4.761681 4.641454 4.418987 4.196520 3.974053 3.766502 3.595383 3.427672 3.261549 3.123705 3.000277 2.876848 2.738945 2.599551 2.539119 2.682239 2.958459 3.236217 3.460046 3.683875 4.186996 4.622508 4.773563 4.917574 4.988623 5.049803 5.030590 5.010712 4.990834 4.992814 5.124949
5.968980 6.010629 6.056861 6.103094 6.084122 5.991332 5.898543 5.846177 5.806426 5.873813 5.971470 5.997571 5.966951 5.929760 5.880923 5.832085 5.783248 5.734410 5.616331 5.587838 5.592287 5.596738 5.489258 5.501329 5.485764 5.462578 5.352687 5.242797 5.131112 5.033123 5.010951 4.967620 4.876707 4.855689 4.834671 4.765803 4.543336 4.321366 4.150247 3.979128 3.808008 3.636889 3.467995 3.337857 3.198463 3.059070 2.919676 2.847611 2.864115 2.982318 3.201337 3.420355 3.757205 4.008383 4.415716 4.654858 4.861463 5.005474 5.094292 5.143923 5.124045 5.104167 5.097591 5.133116 5.246955
6.016191 6.059226 6.105458 6.145170 6.052380 5.944567 5.829195 5.800056 5.809287 5.931648 6.020756 6.044667 6.000170 5.951332 5.902495 5.853657 5.804819 5.755982 5.671764 5.646621 5.621478 5.611179 5.615629 5.543473 5.433581 5.323690 5.213800 5.110780 5.014168 5.010857 4.985749 4.960641 4.938268 4.922324 4.906381 4.886644 4.705111 4.533992 4.362872 4.191753 4.020633 3.844943 3.635112 3.518588 3.379194 3.239801 3.156103 3.172607 3.189111 3.282398 3.501416 3.720434 3.939452 4.198249 4.462607 4.687209 4.911810 5.093374 5.199961 5.237377 5.217500 5.202369 5.237894 5.273419 5.285458
6.051802 6.105590 6.154054 6.099547 5.984175 5.868804 5.753432 5.705406 5.627384 5.681340 5.969004 6.049059 6.005157 5.961256 5.917354 5.873453 5.826391 5.772463 5.731901 5.706758 5.671660 5.623973 5.537455 5.415997 5.316961 5.217925 5.118889 5.046523 5.046289 5.046054 5.031289 5.006181 4.981072 4.963499 4.947555 4.940101 4.854462 4.746616 4.575497 4.404377 4.189316 3.960489 3.780157 3.681647 3.559926 3.464595 3.481099 3.497603 3.514107 3.582477 3.801495 3.974221 4.088539 4.205339 4.392927 4.689901 4.944161 5.168763 5.305629 5.330832 5.310955 5.342672 5.364630 5.360366 5.349866
5.984529 5.945065 5.857270 5.769474 5.681679 5.593884 5.547395 5.523503 5.457740 5.422911 5.686260 5.949609 6.008783 5.956733 5.904683 5.852632 5.800582 5.727689 5.697726 5.650395 5.602708 5.536269 5.428596 5.325070 5.226034 5.126998 5.078879 5.078644 5.078410 5.078176 5.076830 5.051721 5.026612 5.004673 4.994494 4.991789 4.918413 4.817025 4.715638 4.515726 4.304862 4.076036 3.925201 3.818118 3.688912 3.702154 3.715397 3.728639 3.741881 3.753666 3.885658 3.999976 4.114294 4.228611 4.421976 4.669267 4.916554 5.201109 5.411298 5.424287 5.439948 5.435684 5.431419 5.427155 5.403136
5.757026 5.717413 5.612661 5.495641 5.378621 5.285202 5.367724 5.357483 5.317794 5.278105 5.448720 5.712069 5.862594 5.854143 5.826145 5.765697 5.690038 5.614378 5.620866 5.575737 5.530608 5.456185 5.362541 5.294867 5.197604 5.114630 5.111330 5.110766 5.110531 5.110297 5.110063 5.097261 5.072153 5.039044 5.046182 5.043476 4.982363 4.880975 4.746641 4.541928 4.334939 4.126938 3.910627 3.766683 3.719051 3.732293 3.745536 3.758778 3.746107 3.686746 3.881166 4.025730 4.140048 4.254366 4.451024 4.698316 4.945606 5.192894 5.442268 5.499067 5.473705 5.448343 5.422982 5.398760 5.393590
5.492398 5.459752 5.422177 5.310705 5.193683 5.076663 5.107855 5.184213 5.177848 5.138159 5.211180 5.474529 5.671942 5.671173 5.642191 5.604105 5.566019 5.501067 5.544006 5.498877 5.493459 5.399815 5.306171 5.247558 5.172511 5.148728 5.145427 5.142887 5.142653 5.137863 5.094955 5.061049 5.032624 5.055300 5.097870 5.095164 5.046313 4.944926 4.771258 4.566545 4.361832 4.128796 3.867715 3.735948 3.749190 3.762432 3.775675 3.776463 3.704731 3.632999 3.814246 4.008667 4.165803 4.280120 4.480072 4.727365 4.974657 5.251770 5.516806 5.517638 5.453656 5.389675 5.325693 5.305560 5.316862
5.205904 5.173259 5.140614 5.093554 4.991980 4.890405 4.831151 4.904585 4.978019 4.998214 4.973639 5.236989 5.481291 5.464621 5.426535 5.388449 5.350363 5.325011 5.391817 5.513736 5.437089 5.343445 5.249801 5.178475 5.178228 5.167676 5.157125 5.111234 5.055316 5.003150 4.960242 4.923598 4.959713 5.032531 5.110841 5.166293 5.146353 4.998244 4.792883 4.587523 4.473780 4.180100 3.896665 3.786592 3.789332 3.792571 3.805813 3.780446 3.764346 3.748246 3.849361 3.989543 4.136167 4.305876 4.518478 4.788350 5.081811 5.375269 5.570706 5.595943 5.531961 5.467980 5.408116 5.415970 5.450067
4.919411 4.886766 4.854120 4.821475 4.751165 4.628622 4.455356 4.624957 4.698391 4.771825 4.818579 4.999448 5.204741 5.219429 5.190756 5.162083 5.212498 5.270595 5.319537 5.329459 5.236117 5.142774 5.053986 5.110276 5.153339 5.128944 5.073026 5.017108 4.961190 4.905272 4.849354 4.832938 4.923226 5.013513 5.103802 5.175361 5.205186 5.066611 4.865021 4.663432 4.593689 4.277840 3.994404 3.961919 3.964660 3.967400 3.938892 3.919726 3.903626 3.887526 3.955138 4.095321 4.235504 4.355722 4.585272 4.911848 5.205309 5.498768 5.624607 5.674248 5.610267 5.551924 5.515761 5.549298 5.583272
4.437683 4.415737 4.393792 4.371846 4.349902 4.282582 4.116736 4.202559 4.379472 4.492196 4.539020 4.567622 4.727844 4.855909 4.827236 4.798563 4.839188 4.902285 4.953583 4.978420 4.961904 4.867416 4.872143 4.958167 4.961992 4.993722 4.978899 4.922981 4.867063 4.811145 4.782860 4.825897 4.916185 4.996777 5.010273 5.110277 5.093266 5.161296 5.018324 4.816735 4.660928 4.375579 4.128819 4.135918 4.139988 4.126043 4.082877 4.059006 4.042906 4.026806 4.060916 4.201099 4.293621 4.375771 4.579236 4.906764 5.262869 5.573168 5.678507 5.752554 5.695732 5.649696 5.649119 5.682656 5.716477
