Tests/Data/MeshGeoToolsLib/Hamburg/00-raster.asc
ncols         297
nrows         204
xllcorner     559440.546880
yllcorner     5928897.096700
cellsize      25.000000
NODATA_value  -9999
[rows 28 to 55 of 204, columns 195 to 259 of 297]
14.555859 15.316987 14.877379 13.079218 11.830444 10.516522 9.024257 7.825264 7.832303 7.648030 7.354864 7.061699 6.745265 6.375486 6.005707 5.635929 5.546287 5.476654 5.445843 5.534433 5.613633 5.440022 5.266412 5.092801 4.924342 4.782792 4.575463 4.291385 3.912713 3.606815 3.374726 3.167090 2.959455 2.767590 2.971145 3.183567 3.373852 3.495012 3.616171 3.737330 3.855714 4.025587 4.245994 4.466400 4.691549 4.858849 5.020533 5.216839 5.444318 5.671796 5.772206 5.782176 5.792146 5.826786 5.759503 5.566718 5.373931 5.235021 5.055120 4.813837 4.492246 4.151717 3.925813 3.835475 3.745137
12.117257 12.505203 11.662864 10.385395 9.056840 7.516201 6.525662 6.576466 6.569337 6.431324 6.244842 5.915820 5.546041 5.176264 4.806486 4.735417 4.730907 4.678444 4.608811 4.672573 4.626285 4.452675 4.285902 4.155019 4.024136 3.893253 3.754028 3.688142 3.499422 3.310702 3.121982 2.918033 2.710398 2.699810 2.890064 3.102983 3.287331 3.425329 3.563328 3.695601 3.816089 4.023010 4.262788 4.502565 4.706294 4.895478 5.057162 5.257091 5.484570 5.683939 5.693910 5.703880 5.713850 5.724091 5.583994 5.383036 5.190248 5.106044 5.031020 4.784225 4.443696 4.103167 3.856819 3.766481 3.676144
9.871726 10.189028 8.935390 7.939929 6.794961 5.943438 5.306384 5.327667 5.306370 5.168357 5.050823 4.750676 4.346821 3.977044 3.898296 3.893786 3.889276 3.880235 3.810601 3.810712 3.647462 3.516579 3.385696 3.254813 3.213003 3.260062 3.283190 3.278747 3.205309 3.016589 2.827869 2.639149 2.456951 2.632030 2.819337 3.021902 3.185512 3.323511 3.461510 3.609733 3.828987 4.067119 4.306896 4.528039 4.721038 4.914038 5.093792 5.297344 5.524821 5.605643 5.615613 5.629493 5.674540 5.719587 5.679296 5.440916 5.106511 4.960057 4.883683 4.706783 4.395146 4.054617 3.787826 3.697488 3.627654
7.592292 7.517361 6.207917 5.841232 5.518826 4.927443 4.336061 4.100856 4.043404 3.910045 3.828529 3.720185 3.276495 3.144008 3.097930 3.052155 3.047646 3.043136 3.012392 2.878139 2.747256 2.616373 2.647330 2.694389 2.741448 2.787400 2.802853 2.810697 2.797440 2.722477 2.533757 2.370476 2.372009 2.561185 2.750361 2.940821 3.083693 3.221692 3.436934 3.656187 3.875441 4.111228 4.349787 4.542783 4.735783 4.928783 5.121782 5.337595 5.517377 5.534894 5.579942 5.624989 5.670037 5.715084 5.760131 5.497163 5.080874 4.809179 4.732805 4.603467 4.293252 3.983037 3.729291 3.696145 3.662999
6.000985 5.740446 5.245189 4.749940 4.414861 3.829835 3.647837 3.465838 3.342020 3.177563 2.947906 2.718250 2.606241 2.531868 2.462615 2.416537 2.370459 2.324381 2.225756 2.034597 2.081656 2.128715 2.175775 2.222834 2.269893 2.307836 2.321959 2.329803 2.331710 2.316132 2.284000 2.144832 2.300278 2.489454 2.678630 2.854680 3.044821 3.264135 3.483388 3.702642 3.921895 4.155336 4.364530 4.557528 4.750527 4.973528 5.232878 5.444236 5.485344 5.530391 5.575439 5.620486 5.665533 5.696053 5.722647 5.471527 5.055237 4.658301 4.581927 4.500151 4.189936 3.879722 3.755162 3.731490 3.698345
4.895705 4.782624 4.413377 3.918123 3.540405 3.370896 3.218243 3.103027 3.022619 2.861201 2.631545 2.402880 2.389171 2.350551 2.276178 2.177840 2.064741 1.951642 1.775203 1.698105 1.678269 1.658432 1.704219 1.751278 1.798337 1.828273 1.841065 1.848909 1.856754 1.949905 2.058356 2.039372 2.228547 2.423864 2.674620 2.816983 3.056835 3.291074 3.525313 3.749066 3.968349 4.186277 4.379273 4.591535 4.850885 5.038339 5.219257 5.384256 5.427183 5.453777 5.480371 5.506965 5.533558 5.560152 5.525373 5.309998 5.029600 4.613311 4.431049 4.354674 4.086621 3.801636 3.778687 3.755737 3.732788
4.075097 3.906086 3.586383 3.256168 3.115546 2.997965 2.872795 2.761327 2.687402 2.550268 2.315184 2.157625 2.130904 2.059543 1.977201 1.864102 1.751003 1.635904 1.456620 1.377793 1.357957 1.338120 1.318284 1.298448 1.326782 1.348709 1.360172 1.444227 1.559078 1.673929 1.788780 2.023966 2.278154 2.532342 2.679138 2.834673 3.054713 3.291119 3.525358 3.759597 3.993837 4.166027 4.356162 4.546298 4.736434 4.926570 5.081853 5.161615 5.243443 5.317876 5.344470 5.371064 5.397657 5.424251 5.285883 5.070508 4.855133 4.587674 4.280171 4.203796 3.983305 3.825161 3.802212 3.774878 3.722769
3.772649 3.520882 3.286234 3.058413 2.976405 2.906065 2.697968 2.506062 2.357456 2.241947 2.036644 1.878409 1.766661 1.695300 1.623939 1.550364 1.437265 1.317323 1.138037 1.057481 1.037645 1.017808 0.997972 0.977672 0.956740 0.951940 1.065625 1.194413 1.370740 1.559973 1.753261 2.082160 2.386632 2.541292 2.683656 2.853730 3.073770 3.300706 3.533499 3.766292 3.979139 4.135576 4.309062 4.499198 4.689334 4.841221 4.974056 5.051265 5.128473 5.204901 5.239057 5.235163 5.261756 5.261767 5.046392 4.831017 4.615643 4.400268 4.145748 4.052918 3.879989 3.848583 3.796475 3.744366 3.718857
3.466414 3.252531 3.088475 2.941794 2.895360 2.822314 2.606069 2.418894 2.268098 2.077499 1.887381 1.716637 1.585124 1.453610 1.322097 1.190583 1.116973 0.998741 0.819455 0.737169 0.717333 0.696634 0.675702 0.654771 0.633839 0.676972 0.904849 1.132725 1.340915 1.530148 1.734355 2.017432 2.367096 2.545810 2.688174 2.872787 3.092826 3.315361 3.548154 3.779574 3.957667 4.114104 4.270541 4.452098 4.600588 4.739235 4.863706 4.940914 5.018123 5.095119 5.165204 5.206951 5.202541 5.120268 4.909585 4.698901 4.488218 4.277534 4.066851 3.921551 3.870181 3.818073 3.797035 3.789474 3.781913
3.160178 2.984180 2.907184 2.860749 2.814314 2.748332 2.520469 2.324656 2.134058 1.943459 1.752860 1.609428 1.439317 1.291839 1.160326 1.028812 0.897298 0.711625 0.500872 0.426457 0.394667 0.388962 0.449484 0.510007 0.570530 0.656638 0.847417 1.075294 1.303171 1.500324 1.715449 1.952705 2.284464 2.502907 2.692692 2.891843 3.111882 3.331921 3.562809 3.774924 3.936195 4.092632 4.233925 4.359955 4.498602 4.637249 4.753356 4.830564 4.907773 4.984982 5.055422 5.125507 5.157311 5.062077 4.847356 4.632636 4.417916 4.203195 3.988475 3.860573 3.860724 3.867652 3.860091 3.852505 3.818896
2.820692 2.734006 2.710469 2.695749 2.705181 2.656768 2.428397 2.203002 2.003024 1.809419 1.710733 1.629000 1.515968 1.330384 1.144799 0.960425 0.768509 0.581159 0.384893 0.244017 0.298984 0.353952 0.412652 0.473174 0.533697 0.637016 0.789985 1.017862 1.245740 1.470500 1.696543 1.926633 2.201832 2.420276 2.639031 2.875037 3.111045 3.347053 3.564885 3.758285 3.890296 4.014535 4.138775 4.263014 4.396616 4.535263 4.643006 4.720214 4.797423 4.874633 4.945640 5.003168 5.025405 4.935170 4.720450 4.505729 4.291009 4.076289 3.891616 3.833434 3.823552 3.851811 3.860611 3.841223 3.814453
2.693413 2.746329 2.812112 2.852148 2.719379 2.491701 2.398002 2.422398 2.207914 2.017232 1.908877 1.802313 1.637533 1.419435 1.235143 1.035426 0.835710 0.635993 0.434902 0.282649 0.276898 0.331865 0.386832 0.441800 0.496864 0.617394 0.750099 0.960430 1.165433 1.369006 1.624055 1.879103 2.119200 2.337645 2.563078 2.799084 3.035089 3.271642 3.486212 3.646223 3.792363 3.919384 4.043624 4.167863 4.294630 4.433277 4.532655 4.609864 4.687074 4.764283 4.824946 4.850700 4.891498 4.846686 4.637540 4.427807 4.218075 4.008342 3.890717 3.812942 3.786381 3.814640 3.808745 3.789356 3.769968
2.868511 2.887862 2.902702 2.783547 2.554311 2.548002 2.635419 2.701244 2.486761 2.305422 2.197067 2.031140 1.778524 1.536104 1.302344 1.102627 0.902910 0.702589 0.501343 0.341295 0.320056 0.309778 0.364746 0.419713 0.437345 0.508686 0.668300 0.839088 1.021298 1.255490 1.510539 1.765346 2.019602 2.255014 2.487126 2.713235 2.924223 3.141348 3.355744 3.508499 3.654639 3.800780 3.946920 4.072712 4.196952 4.331291 4.422305 4.499515 4.576724 4.666840 4.707638 4.748436 4.789146 4.763474 4.571190 4.361457 4.151725 4.000849 3.896272 3.792450 3.750758 3.776268 3.756879 3.737490 3.718102
3.138560 3.046314 2.917292 2.769951 2.761765 2.785419 2.872837 2.960254 2.765607 2.593611 2.423231 2.160948 1.903507 1.654406 1.380771 1.169827 0.970110 0.769031 0.567784 0.399940 0.378701 0.357462 0.342659 0.357403 0.368102 0.378802 0.529115 0.694953 0.886926 1.141974 1.397028 1.651339 1.905595 2.144757 2.353609 2.565585 2.782709 2.999834 3.216685 3.370776 3.516916 3.663056 3.809196 3.955336 4.101477 4.229306 4.311956 4.431164 4.521445 4.564576 4.605374 4.646172 4.683598 4.680262 4.493223 4.295107 4.110981 4.006404 3.901826 3.797249 3.717358 3.724402 3.705013 3.698432 3.706026
3.416995 3.323235 3.240056 3.211096 3.162750 3.115057 3.122605 3.197671 3.044453 2.815321 2.553039 2.290757 2.028490 1.772540 1.498905 1.237027 1.036718 0.835472 0.634225 0.458586 0.420806 0.380857 0.349278 0.327283 0.305288 0.309559 0.389932 0.550818 0.773410 1.028464 1.283075 1.524149 1.758941 1.993732 2.206946 2.424071 2.641196 2.858321 3.066995 3.231460 3.378910 3.525332 3.671473 3.817613 3.963753 4.128029 4.298252 4.375760 4.421515 4.462312 4.503110 4.543908 4.578050 4.597050 4.410011 4.222090 4.109169 4.011958 3.907381 3.802803 3.698226 3.676395 3.683989 3.691583 3.699177
3.842060 3.748300 3.685493 3.652241 3.603894 3.555548 3.507201 3.475897 3.198145 2.933656 2.675856 2.418056 2.158283 1.890674 1.617039 1.343404 1.066976 0.853233 0.639490 0.460507 0.420558 0.380610 0.358217 0.336222 0.314227 0.292233 0.299437 0.441954 0.674745 0.932775 1.178725 1.420214 1.661704 1.895803 2.085367 2.282557 2.499682 2.716807 2.917305 3.091783 3.239232 3.386681 3.533749 3.684840 3.856805 4.028769 4.181504 4.278037 4.319251 4.360048 4.400846 4.440766 4.472502 4.504239 4.315706 4.115641 3.966493 3.875678 3.784863 3.694048 3.607555 3.629967 3.681766 3.717845 3.753925
4.267125 4.173365 4.130930 4.093385 3.985341 3.865463 3.745584 3.632083 3.380630 3.072677 2.791105 2.533305 2.275505 2.008810 1.735175 1.407559 1.067018 0.841403 0.627660 0.460259 0.420311 0.389151 0.367156 0.345162 0.323167 0.344025 0.372896 0.444775 0.618086 0.876111 1.134141 1.376761 1.617459 1.838720 2.038011 2.221565 2.405119 2.588674 2.762080 2.933156 3.078975 3.225990 3.385119 3.544708 3.709387 3.867402 3.993378 4.105353 4.161361 4.194294 4.231252 4.267953 4.297657 4.279792 4.173602 4.009192 3.823816 3.733001 3.642186 3.558152 3.506312 3.518916 3.561255 3.621682 3.677319
4.523565 4.506658 4.372726 4.224079 4.104200 3.984322 3.889035 3.782914 3.533837 3.281368 2.973416 2.665466 2.390754 2.126946 1.811851 1.471310 1.130769 0.829573 0.615830 0.460012 0.420085 0.398091 0.376096 0.370173 0.392598 0.424731 0.473130 0.511356 0.614263 0.819455 1.077480 1.333307 1.560376 1.781638 1.990654 2.174209 2.357763 2.501379 2.630224 2.758444 2.917186 3.076314 3.235443 3.394571 3.550981 3.662955 3.774930 3.886904 3.998878 4.035812 4.051338 4.086197 4.116489 4.041139 3.934949 3.828759 3.702679 3.591720 3.508749 3.425778 3.408858 3.421463 3.434067 3.492542 3.552969
4.666887 4.614464 4.504515 4.357963 4.241240 4.145988 4.050736 3.910978 3.661900 3.412822 3.163745 2.874155 2.566205 2.220899 1.875602 1.535061 1.194520 0.853979 0.604000 0.459764 0.429025 0.407030 0.418746 0.451666 0.495882 0.540525 0.591846 0.616707 0.618514 0.783757 1.044890 1.289407 1.503294 1.724556 1.943298 2.126853 2.267289 2.396133 2.524978 2.664668 2.773530 2.926639 3.085768 3.241426 3.332533 3.444507 3.556481 3.673283 3.821862 3.872532 3.891404 3.910276 3.908823 3.802486 3.696295 3.594448 3.497860 3.456573 3.376375 3.298801 3.311405 3.324009 3.336614 3.363403 3.423830
4.774693 4.722269 4.634907 4.496520 4.402180 4.307689 4.212437 4.039041 3.789963 3.540886 3.291808 3.038983 2.696561 2.315321 1.963202 1.610886 1.258271 0.917730 0.592170 0.459959 0.444895 0.478600 0.522817 0.567034 0.611250 0.659240 0.710562 0.722059 0.713430 0.788004 1.041203 1.239608 1.446211 1.667474 1.888736 2.033198 2.162043 2.290887 2.428306 2.568751 2.685307 2.788616 2.933200 3.017964 3.114084 3.237370 3.385949 3.534527 3.679328 3.698200 3.717073 3.715958 3.666255 3.580069 3.481854 3.383639 3.286698 3.209095 3.227476 3.201347 3.213951 3.226556 3.239160 3.251764 3.294691
4.858093 4.830075 4.765299 4.657155 4.562814 4.468474 4.374134 4.166578 3.901833 3.637087 3.372342 3.077161 2.713774 2.383480 2.035570 1.687661 1.339752 0.991843 0.643934 0.505535 0.549752 0.593968 0.638185 0.682402 0.726634 0.777956 0.829278 0.827410 0.818781 0.810152 0.991404 1.189809 1.389129 1.610724 1.832662 1.964684 2.068747 2.191945 2.332389 2.472834 2.597083 2.700392 2.784513 2.860331 2.961260 3.098614 3.247193 3.395771 3.504996 3.523869 3.504289 3.454587 3.410433 3.373977 3.275762 3.177547 3.079332 2.976284 2.997264 3.009873 3.039440 3.069006 3.098573 3.128139 3.157569
4.881145 4.861642 4.895648 4.817789 4.723449 4.611752 4.430136 4.235191 3.970446 3.705700 3.440955 3.083339 2.720309 2.417911 2.083649 1.735740 1.387831 1.039922 0.696770 0.749613 0.748539 0.754664 0.760788 0.797770 0.845350 0.896672 0.941391 0.965957 0.987351 0.970316 0.988174 1.183439 1.378705 1.578688 1.778861 1.913813 2.016109 2.118405 2.236472 2.376918 2.500040 2.612169 2.701740 2.802668 2.903596 3.004524 3.108437 3.257015 3.330665 3.292620 3.242918 3.193215 3.160729 3.163855 3.067487 2.941729 2.815969 2.758145 2.768085 2.779121 2.799765 2.829332 2.858898 2.888465 2.918031
4.941542 4.905749 5.021389 4.978423 4.799211 4.617595 4.435979 4.254363 4.039059 3.774313 3.452904 3.089521 2.744590 2.442192 2.131728 1.783819 1.435910 1.088001 0.882745 0.969885 1.022994 1.009909 1.016033 1.022158 1.079473 1.142201 1.167606 1.170355 1.153320 1.136285 1.119250 1.189493 1.384758 1.584815 1.757769 1.877467 1.975444 2.073422 2.171399 2.291153 2.440091 2.558090 2.644076 2.745004 2.845933 2.946861 3.043176 3.133358 3.099828 3.053175 3.006523 2.959870 2.913217 2.915263 2.801413 2.684988 2.599563 2.549847 2.558918 2.566389 2.573217 2.598156 2.623273 2.648790 2.678356
4.879242 4.961356 5.084950 4.971337 4.805055 4.623438 4.441822 4.260206 4.078590 3.822470 3.459086 3.095702 2.768871 2.466473 2.164074 1.831898 1.483989 1.146127 1.103018 1.190158 1.277298 1.283630 1.271278 1.283798 1.343850 1.369256 1.353360 1.336325 1.319290 1.302254 1.285219 1.268184 1.390811 1.578085 1.714796 1.845631 1.943609 2.041586 2.139563 2.237541 2.421541 2.527675 2.580226 2.643823 2.734005 2.824187 2.914369 2.984520 2.918813 2.858134 2.811482 2.764829 2.718176 2.671556 2.586257 2.500832 2.415407 2.346419 2.355490 2.363705 2.370533 2.386979 2.412096 2.437212 2.466972
4.762559 4.913096 5.050497 4.932912 4.780076 4.624806 4.442913 4.261020 4.079127 3.834224 3.465271 3.101883 2.793152 2.490754 2.188355 1.879977 1.532068 1.236150 1.323290 1.410430 1.497570 1.581384 1.544266 1.548301 1.607221 1.665116 1.632384 1.599653 1.566921 1.534189 1.501457 1.468725 1.434069 1.535112 1.671822 1.808533 1.911773 2.009750 2.097900 2.194240 2.400614 2.495443 2.546038 2.604213 2.663147 2.722081 2.785562 2.812674 2.749300 2.687664 2.626990 2.583390 2.539791 2.486085 2.401544 2.316676 2.231251 2.145826 2.152062 2.161021 2.167849 2.175802 2.200919 2.226035 2.271497
4.690142 4.827290 4.957718 4.879796 4.732648 4.579811 4.426974 4.258831 4.076938 3.851937 3.482984 3.152523 2.838627 2.524260 2.212636 1.910238 1.595485 1.456423 1.543563 1.630703 1.715821 1.799589 1.862144 1.868633 1.907086 1.966007 1.940642 1.907910 1.875178 1.853683 1.843398 1.825950 1.639807 1.572830 1.688051 1.803271 1.860581 1.946105 2.031628 2.173314 2.379687 2.463211 2.513806 2.570079 2.643207 2.716335 2.789462 2.686223 2.593558 2.531921 2.470285 2.408649 2.362343 2.300613 2.216073 2.131533 2.046992 1.961670 1.948633 1.957705 1.965165 1.971994 1.989742 2.030102 2.076022
4.604084 4.741233 4.856572 4.778649 4.685220 4.532383 4.379546 4.226709 4.073871 3.869649 3.536207 3.237759 2.925770 2.611403 2.297037 1.982670 1.678896 1.667014 1.750782 1.834550 1.918318 2.002085 2.076782 2.210211 2.242318 2.274425 2.275302 2.265017 2.254732 2.244448 2.216268 2.068309 1.843368 1.625379 1.740600 1.855820 1.902585 1.931107 1.965356 2.155318 2.368963 2.462480 2.527835 2.600963 2.674090 2.747218 2.760501 2.618838 2.477175 2.376179 2.314543 2.252907 2.191271 2.116927 2.036512 1.956098 1.875684 1.795270 1.745205 1.754276 1.762481 1.769310 1.802932 1.847058 1.891183
4.518026 4.655176 4.755425 4.677502 4.599580 4.484956 4.332118 4.179281 4.043284 3.916517 3.621443 3.322996 3.012913 2.698547 2.384180 2.072352 1.904902 1.894678 1.952756 2.036355 2.119954 2.203553 2.350261 2.502983 2.587302 2.619409 2.651518 2.651436 2.645497 2.606585 2.484449 2.271870 2.046929 1.821988 1.793149 1.908369 1.947194 1.975716 2.030459 2.165409 2.354470 2.486511 2.558718 2.631846 2.704974 2.778102 2.693115 2.551453 2.409790 2.268127 2.196955 2.201700 2.157075 2.077793 2.007217 1.926803 1.846389 1.765974 1.687545 1.634039 1.610485 1.718083 1.657982 1.702109 1.746234
