Tests/Data/MeshGeoToolsLib/Hamburg/00-raster.asc
ncols         298
nrows         205
xllcorner     559440.546880
yllcorner     5928897.096700
cellsize      25.000000
NODATA_value  -9999
[rows 29 to 57 of 205, columns 65 to 129 of 298]
32.910917 31.972160 31.033402 30.094632 29.542185 30.240617 30.883974 31.506152 32.002633 32.313654 34.454744 34.238927 34.085909 34.614798 35.143686 35.672562 35.720542 35.309901 35.237494 35.431486 35.625613 35.653796 35.434727 35.215658 35.275187 35.201314 35.127442 35.038761 35.294472 35.478365 35.662257 35.777708 35.760537 35.926909 34.960698 34.233124 33.505550 32.777976 32.050402 31.826851 31.379399 30.963033 30.519284 30.075535 29.631786 29.526827 29.429377 28.969306 28.240989 27.512673 26.784361 26.397982 26.027279 25.544255 25.096915 24.871644 24.567181 24.235161 23.981432 23.748198 23.619142 23.532322 23.654527 24.082534 24.305594
29.951969 29.013198 27.522179 26.881336 27.710027 28.353384 28.996741 29.640098 30.283456 30.894534 31.190306 31.320006 31.341850 31.691192 32.220080 32.748957 33.204266 32.793623 32.674444 32.868533 33.062661 33.256789 33.292043 33.072974 33.055061 33.100619 33.147685 33.275954 33.459846 33.643739 33.827631 33.962891 33.964702 33.531641 32.870076 32.208510 31.546935 30.451710 29.529179 29.297692 29.636619 29.192871 28.749122 28.305373 27.748482 27.597239 27.499790 27.402341 26.887892 26.159577 25.809916 25.489138 25.100372 24.617347 24.134323 23.651298 23.281690 23.056416 22.895772 22.782962 22.696142 22.609322 22.874028 23.304017 23.718716
25.771504 24.558811 24.126698 24.184832 25.280672 26.466152 27.109510 27.752867 28.396224 29.017512 29.163806 28.980829 29.018604 29.056379 29.296474 29.825352 30.354223 30.277346 30.111454 30.305581 30.499709 30.693837 30.887965 31.115020 31.193108 31.235587 31.282653 31.441328 31.625221 31.809113 31.993005 32.154364 31.814129 30.973469 30.050938 29.128407 28.205876 27.283331 26.843639 26.563436 27.069369 27.094118 26.583131 26.072143 25.561156 25.667652 25.570202 25.472754 25.375305 25.211442 24.915962 24.580299 24.173465 23.690440 23.207416 22.724391 22.411237 22.168879 21.946783 21.859962 21.773142 21.686322 22.093530 22.523400 22.940199
22.446178 21.830874 21.274469 21.808138 22.909026 24.009913 25.110800 25.744783 26.365040 26.985297 27.056563 26.853866 26.856220 26.858574 26.860928 26.368617 24.581163 24.362252 24.939718 27.742629 28.094322 28.463967 28.833613 29.203258 29.331154 29.373220 29.422810 29.606703 29.491180 29.283566 29.075953 28.868340 28.733325 27.805104 26.882573 25.960042 25.201419 24.545960 24.129335 23.829180 24.296695 24.503527 24.395805 23.884817 23.373830 23.390141 23.640615 23.543166 24.015007 24.317488 24.005917 23.671461 23.246558 22.763533 22.280508 22.162329 22.051112 21.577238 20.856881 20.829365 20.801848 20.883162 21.283352 21.691136 21.675305
20.380128 19.726747 19.300930 19.787220 20.789805 21.890692 22.847101 23.467357 24.087614 24.549348 24.922726 24.809732 24.608039 24.281448 23.954857 23.628266 23.225875 22.774551 22.593113 24.767330 25.580811 25.996774 26.412738 26.828702 27.210932 27.257922 27.064013 26.644193 26.436580 26.228966 26.021353 25.813739 25.559270 24.636739 23.714196 23.154395 22.498937 21.843478 21.415030 21.094923 21.524020 21.769740 21.819514 21.697491 21.186504 21.156493 21.643020 22.096596 22.732327 23.368059 23.097079 22.762622 22.319651 22.024639 21.913420 21.802203 21.535028 20.912351 20.151391 19.725097 19.697581 19.852342 20.260127 20.601244 20.470158
18.357043 17.703739 17.586006 18.072297 18.670584 19.771472 20.569675 21.189933 21.660576 22.069535 22.291171 22.124970 21.798379 21.471789 21.145199 20.818608 20.636082 20.153398 19.932124 21.748527 22.979863 23.395827 23.826142 24.294504 24.762867 24.915598 24.485486 23.933415 23.381978 23.174365 22.966752 22.759139 22.390905 21.762830 21.107372 20.451913 19.796454 19.140996 18.700730 18.360666 18.751346 19.035953 19.085727 19.135501 18.999178 18.922846 19.490430 20.129489 20.768545 21.804453 22.545370 21.992820 21.775731 21.664512 21.553294 21.229026 20.894075 20.251230 19.486504 18.725544 18.593314 18.829117 19.236903 19.429928 19.298842
16.287981 15.680636 16.067510 16.446289 16.843663 17.652251 18.292251 18.771805 19.099850 19.209681 19.319513 19.315313 18.988723 18.662133 18.376618 18.250505 18.046289 17.549707 17.310973 18.729725 20.378915 20.816126 21.284489 21.752851 22.221214 22.459031 21.906960 21.354888 20.802816 20.250745 19.912151 18.918313 18.263001 18.853623 18.295315 17.749431 17.093972 16.438514 15.986431 15.626409 15.978672 16.302166 16.351940 16.401714 16.451488 16.748053 17.387111 18.206529 18.924228 20.478074 22.214788 21.752917 21.415603 21.257974 20.923024 20.588073 20.253122 19.591337 18.821577 18.060656 17.489047 17.805893 18.220870 18.063955 17.829693
14.514058 14.481800 14.713402 14.914851 15.293630 15.616936 15.883035 16.018359 16.128191 16.238023 16.347854 16.457686 16.179067 15.896689 15.770576 15.644463 15.456496 14.959913 14.689820 15.710922 16.528465 16.649083 16.769700 16.890316 17.253379 17.907178 17.661136 17.093686 16.526236 15.958786 15.369128 14.609556 13.793675 14.779422 14.535758 13.999427 14.045285 14.070555 14.291990 14.513424 14.745522 14.972340 15.164693 15.310259 15.455824 16.317759 17.105834 17.836347 18.595451 19.814617 21.033783 21.528798 21.025947 20.617021 20.282070 19.947119 19.612168 18.931444 18.161685 17.395762 16.812789 16.729827 16.595950 16.361688 16.127422
13.171309 13.563178 13.810044 14.041646 14.201965 14.292843 14.248011 14.037990 13.829479 13.620967 13.376196 13.486027 13.416760 13.290647 13.164535 13.038422 12.866702 12.531549 12.380922 12.151458 12.287572 12.423686 12.559800 12.695914 12.341930 12.995729 13.325333 12.757883 12.190433 11.622983 11.055533 11.638417 12.062611 12.472327 12.411401 12.433373 12.654810 12.876247 13.097683 13.328846 13.651629 13.886165 14.112986 14.339806 14.597640 15.737716 16.735652 17.466166 18.266673 19.485839 20.721061 21.018045 20.515932 20.029737 19.668310 19.306166 18.971215 18.271552 17.676425 17.164011 16.485072 15.695230 15.073449 14.880796 14.688144
12.248398 12.631923 12.851357 12.920297 13.003256 13.096547 13.127275 12.988547 12.778781 12.570270 12.361758 12.153247 11.926485 11.824246 11.736661 11.649077 11.561492 11.281294 10.912198 10.480681 10.397944 10.405303 10.403656 10.539770 10.633257 10.235707 10.057559 10.126239 10.213325 10.300411 10.387498 10.534243 10.688394 10.832073 11.017628 11.239065 11.460502 11.681940 11.903375 12.177742 12.500525 12.799987 13.026808 13.253629 14.097737 15.157674 16.297750 17.095984 17.937895 19.157061 19.782736 20.114823 20.005918 19.503801 19.080717 18.719290 18.515595 18.086948 17.280303 16.512477 15.744650 14.961506 14.324534 13.819287 13.572843
11.270403 11.486933 11.638629 11.713670 11.813143 11.891319 11.922047 11.942180 11.729083 11.519572 11.311061 11.102549 10.867684 10.653449 10.565863 10.478278 10.390692 10.255089 9.906212 9.646780 9.414865 9.422224 9.429583 9.436942 9.424975 9.209434 9.156193 9.163870 9.250956 9.338042 9.425130 9.577818 9.724890 9.818480 9.935017 10.080679 10.266195 10.487632 10.709068 11.026638 11.349421 11.672204 11.940629 12.752692 13.719417 14.686143 15.717708 16.725802 17.609118 18.512324 18.844411 19.176498 19.495903 18.993787 18.668652 18.521084 18.373516 17.886363 16.539881 15.772055 15.004228 14.227782 13.616506 13.111259 12.606012
10.015745 10.229693 10.425901 10.523556 10.623031 10.686091 10.716819 10.747547 10.682716 10.469619 10.260363 10.045064 9.808883 9.572702 9.395066 9.307480 9.219895 9.289268 9.087238 8.819028 8.553445 8.439145 8.446504 8.453864 8.391931 8.296396 8.254827 8.213257 8.288587 8.375673 8.467242 8.617707 8.711297 8.804886 8.898476 9.042876 9.188538 9.334200 9.552751 10.069424 10.587475 11.105525 11.756444 12.564526 13.372608 14.307824 15.274550 16.277741 17.241911 17.573998 17.906086 18.238173 18.570260 18.562672 18.522755 18.379005 17.928067 17.599219 16.298353 15.031633 14.263807 13.494058 12.908479 12.403232 11.897985
8.771317 8.985245 9.199165 9.345604 9.442653 9.481249 9.511591 9.542319 9.573046 9.423253 9.210156 8.986263 8.750082 8.513901 8.316190 8.304861 8.384864 8.402471 8.294959 8.026749 7.758538 7.490328 7.426277 7.470785 7.436599 7.395030 7.353460 7.311891 7.326217 7.413305 7.510817 7.604114 7.697703 7.791293 7.884882 8.005074 8.150735 8.846545 9.662413 10.334708 10.852759 11.370809 12.150486 12.958568 13.766650 14.574732 15.382814 16.037319 16.602352 16.990684 17.380470 17.770257 18.160043 18.475790 18.395225 17.887745 17.422435 17.112262 16.667350 14.710344 13.523384 12.755558 12.200451 11.695204 11.208572
7.545881 7.740812 7.954740 8.168665 8.247008 8.277341 8.307674 8.338007 8.368339 8.420017 8.280593 8.216145 8.020595 7.825044 7.629494 7.461940 7.537909 7.515675 7.493442 7.234469 6.966259 6.698048 6.429838 6.376662 6.384111 6.389071 6.394029 6.398986 6.368955 6.426159 6.496928 6.590518 6.684108 6.777698 6.871288 7.165367 8.009229 8.825096 9.640964 10.456831 11.118043 11.736447 12.544529 13.352610 13.918536 14.472263 15.082911 16.190340 16.441236 16.829045 17.216854 17.604663 17.992473 18.381512 17.985891 17.382113 16.916804 16.625306 16.026110 14.797206 13.122321 12.062316 11.492424 11.006727 10.564987
6.495967 6.681429 6.866928 7.058780 7.179459 7.120949 7.103758 7.134090 7.235793 7.443034 7.470269 7.489366 7.333901 7.138350 6.942799 6.747248 6.651112 6.640648 6.645114 6.502072 6.262760 6.023448 5.784136 5.687700 5.510199 5.420607 5.331016 5.284737 5.289696 5.388128 5.483331 5.715204 6.004323 6.293442 6.582562 6.974820 7.814657 8.803638 9.619508 10.435377 11.222158 11.799753 12.353481 12.907208 13.460935 14.203468 15.310898 16.418327 16.380395 16.667929 17.055739 17.443548 17.831357 17.960061 17.576306 16.952828 16.411172 16.138350 15.036054 13.807149 12.578245 11.383500 10.778503 10.289016 9.799529
5.510669 5.696139 5.895156 6.129016 6.362877 6.343200 6.284691 6.312537 6.494289 6.676040 6.794908 6.849080 6.824689 6.635886 6.447084 6.258282 6.192171 6.173176 6.177642 6.074961 5.835649 5.596337 5.461184 5.551295 5.213940 5.055486 4.965894 4.876303 4.786711 4.850812 5.085051 5.427220 5.769388 6.059547 6.348666 6.809867 7.358672 8.381860 9.405047 10.032109 10.605949 11.288835 11.895879 12.449607 13.324026 14.431455 15.538884 16.478956 16.373664 16.506814 16.894623 17.282432 17.391314 17.344415 17.147314 16.543245 15.919759 15.274902 14.045997 12.814516 11.655895 10.649508 10.117326 9.488649 8.961020
4.525370 4.731531 4.965391 5.199252 5.433113 5.565451 5.571343 5.753095 5.934847 6.063284 6.174013 6.257804 6.311976 6.165268 5.976465 5.848190 5.785803 5.723417 5.710170 5.647851 5.408539 5.201556 5.291668 5.381779 5.173059 4.740180 4.600773 4.511181 4.421590 4.486391 4.731981 5.074150 5.416318 5.758486 6.092996 6.467862 6.836504 7.624783 8.647972 9.300653 10.038616 10.733246 11.374935 12.440680 13.552013 14.659442 15.766871 16.472224 16.366932 16.345698 16.733507 16.822566 16.801530 16.723318 16.526217 16.133663 15.510177 14.272756 13.139444 12.028518 10.917591 9.918823 9.367879 8.745145 8.125346
3.960309 4.207206 4.372968 4.538730 4.704492 4.848255 5.011901 5.193653 5.327782 5.438511 5.549240 5.659969 5.720700 5.694649 5.505847 5.441822 5.379436 5.317050 5.254662 5.220740 4.981429 5.032040 5.122152 5.179205 5.106971 4.699299 4.266420 4.146060 4.056468 4.121970 4.378911 4.721080 5.063248 5.358539 5.653073 6.072161 6.461160 6.867701 7.890895 8.730633 9.471283 10.209256 11.367540 12.525827 13.684120 14.842413 15.994857 16.465493 16.360200 16.254908 16.253819 16.232782 16.211745 16.102222 15.905120 15.708018 14.622993 13.512066 12.401140 11.290214 10.179287 9.200524 8.621439 8.001640 7.381841
3.516767 3.787991 3.977461 4.143222 4.248579 4.348471 4.507225 4.669922 4.754065 4.832688 4.924466 5.035195 5.129424 5.183595 5.097841 5.035455 4.973068 4.910682 4.848296 4.785907 4.764526 4.751895 4.739264 4.726633 4.714002 4.524886 4.225539 3.792660 3.691346 3.757548 4.025842 4.355411 4.635144 4.914876 5.213150 5.632237 6.051325 6.528872 7.284455 8.037331 8.790205 10.077279 11.452688 12.610975 13.769268 14.927561 15.429065 15.547957 15.393448 15.238939 15.428304 15.642998 15.621961 15.481125 15.109662 14.663270 13.769676 12.750691 11.662836 10.551910 9.440983 8.504969 7.877935 7.258136 6.638337
3.073225 3.344449 3.549010 3.648903 3.748795 3.856759 4.005596 4.169258 4.265680 4.344303 4.422926 4.501549 4.579011 4.685967 4.699213 4.636922 4.574631 4.540293 4.540529 4.556134 4.519802 4.435729 4.351655 4.274061 4.261430 4.240849 3.942801 3.644754 3.326225 3.393127 3.632016 3.911748 4.191481 4.471213 4.773227 5.192314 5.682843 6.183737 6.633908 7.344017 8.096892 9.686183 11.435636 12.696122 13.670113 13.962880 14.255647 14.478032 14.323522 14.176575 14.391633 14.606692 14.677264 14.504182 14.057790 13.611398 12.827178 11.808193 10.789207 9.770222 8.702680 7.754031 7.134431 6.526843 5.972979
2.629685 2.900908 3.049225 3.149117 3.268194 3.407542 3.546891 3.686240 3.805041 3.855918 3.934541 4.013165 4.135241 4.284086 4.333154 4.333389 4.333624 4.333860 4.334095 4.381674 4.364390 4.306827 4.223018 4.138944 4.054870 3.970796 3.687790 3.385558 3.083327 3.031843 3.193771 3.468085 3.747817 4.027550 4.333303 4.826440 5.336276 5.792494 6.242665 6.692836 7.545634 9.295087 10.994642 12.124181 12.496696 12.789463 13.082230 13.374997 13.253597 13.139904 13.354963 13.321714 12.958535 12.979006 13.005918 12.559527 11.884680 10.865694 9.846709 8.827724 7.764307 7.163510 6.572763 6.020046 5.467329
2.195874 2.449547 2.549439 2.679628 2.818977 2.958327 3.097676 3.404640 3.596748 3.636705 3.663637 3.731001 3.903500 4.075998 4.122422 4.126955 4.127190 4.127426 4.197010 4.207215 4.189930 4.153046 4.092236 4.010307 3.926233 3.773271 3.471039 3.205030 3.035844 2.958497 3.091619 3.281794 3.471968 3.726803 4.071198 4.520453 4.950786 5.400772 5.850758 6.300743 6.805904 8.383324 9.960744 10.526011 11.010202 11.494392 11.908812 12.201579 12.183672 12.103234 11.966165 11.602985 11.239806 11.230807 11.401683 11.507655 10.942182 9.923196 8.873608 7.570213 7.196764 6.829246 6.126838 5.496837 4.944120
1.855874 1.951714 2.091064 2.230414 2.369763 2.509113 2.811945 3.154360 3.368546 3.386277 3.404008 3.542836 3.715335 3.854835 3.889464 3.920521 3.920757 3.938044 4.050039 4.032755 4.015470 3.998186 3.938456 3.877645 3.797595 3.556520 3.330727 3.116449 3.028915 2.958487 2.989461 3.179637 3.369812 3.559803 3.784813 4.170298 4.557395 5.007385 5.457374 5.907361 6.357346 7.349427 8.443650 8.927841 9.412032 9.896223 10.380413 10.864604 10.958188 10.610610 10.247432 9.884254 9.521077 9.482607 9.653483 9.824362 10.009391 8.679515 7.421648 7.128974 6.801871 6.445633 5.792573 5.090165 4.420911
1.756451 1.697378 1.851365 2.005352 2.163411 2.421027 2.678642 2.936258 3.150173 3.126648 3.182169 3.354671 3.527171 3.621878 3.656507 3.691135 3.714323 3.819706 3.885026 3.862250 3.841011 3.823726 3.784675 3.739449 3.677746 3.458267 3.238921 3.109521 3.021987 2.958478 2.938069 3.077479 3.267655 3.380548 3.475009 3.846400 4.245453 4.715664 5.142078 5.568492 5.994906 6.421320 6.845481 7.329672 7.813863 8.298054 8.782245 9.158681 9.330592 8.892199 8.720386 8.638619 8.556852 8.392345 8.153752 8.076160 8.140922 7.342435 7.058825 6.763216 6.406978 6.050740 5.458309 4.755901 4.240364
1.911807 1.783117 1.687340 1.872139 2.129754 2.387370 2.644986 2.902602 2.961650 2.919757 2.994395 3.166506 3.339006 3.388920 3.423549 3.469357 3.557654 3.721023 3.861606 3.838830 3.816054 3.793278 3.754903 3.687726 3.585333 3.374969 3.157695 3.095069 3.015059 2.958469 2.938060 2.975321 3.108847 3.201292 3.306910 3.584697 3.983751 4.382803 4.971338 5.397752 5.824166 5.914708 6.228081 6.620071 7.012061 7.380328 7.642511 8.060197 7.971728 8.135099 8.040470 7.858905 7.770099 7.619173 7.380579 7.173980 7.112717 6.894555 6.696001 6.368323 6.012086 5.655848 5.124044 4.595040 4.129588
2.067301 1.929017 1.613192 1.838484 2.096100 2.353716 2.611332 2.823875 2.781982 2.740089 2.830963 2.988078 3.126331 3.180391 3.234451 3.288511 3.433583 3.599782 3.765981 3.815409 3.792634 3.769858 3.697707 3.595313 3.492920 3.291672 3.129901 3.067275 3.004648 2.958459 2.913833 2.858476 2.929592 3.022037 3.138811 3.322993 3.722048 4.121101 4.576247 5.191132 5.438490 5.393108 5.652802 6.005209 6.267392 6.529574 6.791757 7.053940 7.287858 7.495233 7.479701 7.298136 7.116571 6.942918 6.779573 6.616228 6.698737 6.675088 6.406347 6.131209 5.745501 5.359794 4.944998 4.479790 4.014582
2.222794 2.074919 1.746276 1.859804 2.062445 2.320062 2.577678 2.644207 2.602314 2.560420 2.677034 2.816932 2.945485 2.999545 3.053605 3.143314 3.309513 3.486690 3.695068 3.820332 3.790056 3.737160 3.607263 3.502900 3.400507 3.208374 3.102106 3.032035 2.915066 2.828494 2.763312 2.728517 2.750336 2.851894 2.970712 3.089531 3.460344 3.859398 4.258452 4.798526 4.954262 4.884379 4.892273 5.154456 5.416639 5.678821 5.941004 6.271589 6.537607 6.803629 6.918936 6.737367 6.555802 6.385165 6.221820 6.144589 6.284756 6.424924 6.096669 5.729657 5.608805 5.228379 4.818377 4.353169 3.887961
2.318816 2.220821 1.879360 1.992888 2.106416 2.286407 2.506433 2.464539 2.449934 2.470700 2.509751 2.640803 2.764639 2.818699 2.872761 3.022100 3.230478 3.438855 3.647232 3.832114 3.793287 3.738538 3.596140 3.466243 3.336346 3.129769 2.999230 2.882261 2.765292 2.677973 2.621497 2.598559 2.575621 2.683796 2.802614 2.921432 3.198640 3.597695 3.996749 4.405919 4.477182 4.477489 4.477795 4.478102 4.565886 4.828069 5.154605 5.483507 5.749525 6.015544 6.252208 6.176598 5.995033 5.827413 5.695326 5.796529 5.936144 6.075761 5.786990 5.365592 5.204409 5.083557 4.691756 4.226548 3.761339
2.252225 2.202662 2.012445 2.125973 2.239500 2.346664 2.390383 2.410568 2.431334 2.452100 2.472865 2.493631 2.583793 2.647917 2.765888 2.974266 3.182643 3.391020 3.620615 3.820186 3.851840 3.823374 3.695683 3.548442 3.392051 3.163769 2.928945 2.756869 2.615519 2.527452 2.491539 2.468601 2.531647 2.594690 2.657732 2.753333 2.936936 3.335991 3.723814 4.075505 4.170864 4.081946 4.070906 4.071213 4.071519 4.131661 4.395312 4.695425 4.961443 5.227461 5.493481 5.545726 5.434264 5.312396 5.334335 5.473951 5.613567 5.753185 5.477311 5.126278 4.953637 4.780995 4.598760 4.106811 3.643458
