Tests/Data/MeshGeoToolsLib/Hamburg/00-raster.asc
ncols         298
nrows         205
xllcorner     559440.546880
yllcorner     5928897.096700
cellsize      25.000000
NODATA_value  -9999
[rows 174 to 202 of 205, columns 65 to 129 of 298]
4.130027 3.956932 3.955469 3.954006 3.952542 3.949616 3.902846 3.981338 4.059304 4.090086 4.120868 4.149372 4.250947 4.445691 4.463715 4.435042 4.465878 4.519074 4.542297 4.565521 4.597407 4.595786 4.607052 4.698877 4.702702 4.728000 4.771936 4.815872 4.772936 4.741133 4.767672 4.818856 4.846848 4.858524 4.918626 5.024462 4.992961 5.020330 5.103191 4.913123 4.723054 4.473318 4.302429 4.309527 4.313194 4.270028 4.224647 4.181658 4.161452 4.141246 4.149365 4.231519 4.313669 4.413497 4.617570 4.872150 5.228255 5.421247 5.587514 5.838299 5.886374 5.864125 5.872666 5.902125 6.030245
3.884986 3.718811 3.717348 3.715885 3.712240 3.708209 3.693300 3.641627 3.617534 3.648316 3.679099 3.741336 3.841107 3.968794 4.100194 4.071521 4.084565 4.107788 4.131011 4.154235 4.187926 4.265129 4.348194 4.437002 4.443374 4.443942 4.487233 4.530524 4.611742 4.707205 4.730449 4.760531 4.737796 4.721142 4.826979 4.932816 4.892656 4.879364 4.976439 4.941890 4.785903 4.571056 4.476038 4.393765 4.256677 4.176305 4.104044 4.072643 4.052437 4.066887 4.168995 4.251478 4.333718 4.451831 4.655904 4.859977 5.103059 5.372340 5.644581 5.898703 6.083935 6.135931 6.136881 6.216737 6.327191
3.639943 3.480690 3.478894 3.474863 3.470832 3.356084 3.406170 3.277221 3.225548 3.206546 3.237329 3.321503 3.432949 3.532841 3.686639 3.659208 3.673278 3.696502 3.760768 3.853469 3.946170 4.027824 4.108639 4.180132 4.180818 4.172426 4.172175 4.268178 4.430069 4.591960 4.677746 4.710673 4.735477 4.709362 4.735333 4.841170 4.792351 4.819491 4.860271 4.932548 4.853621 4.600529 4.438473 4.301385 4.164297 4.055702 3.983835 3.963629 3.981860 4.085085 4.188310 4.271107 4.353590 4.504611 4.748357 4.992359 5.184550 5.442342 5.714583 5.959107 6.144339 6.329571 6.403229 6.491947 6.561830
3.387431 3.241518 3.237487 3.178330 3.041314 3.064252 3.257415 2.912814 2.861141 2.809469 2.795559 2.901670 3.013115 3.124561 3.224576 3.238768 3.322515 3.415216 3.507917 3.600618 3.693319 3.786021 3.869084 3.920675 3.914044 3.935309 3.994465 4.086505 4.248396 4.410287 4.485967 4.600820 4.693742 4.707044 4.680928 4.749524 4.736512 4.777291 4.818071 4.838339 4.765929 4.562969 4.393690 4.224769 4.071917 3.935100 3.874820 3.896834 4.000059 4.103284 4.206508 4.290737 4.373220 4.622006 4.921524 5.193447 5.373517 5.553587 5.784585 6.019512 6.204743 6.389975 6.550082 6.726586 6.796469
3.281039 3.115103 2.944297 2.726545 2.589530 2.853831 3.108660 2.588477 2.574361 2.593601 2.612842 2.720596 2.832785 2.944974 3.039995 3.027842 3.121114 3.203488 3.287502 3.373589 3.459675 3.545762 3.638338 3.716158 3.775313 3.834468 3.893624 3.952779 4.066723 4.152616 4.199375 4.314228 4.429081 4.543933 4.637042 4.657878 4.693504 4.694895 4.696287 4.697679 4.699071 4.528828 4.358881 4.188935 4.018989 3.849043 3.811808 3.915032 4.018257 4.121482 4.224707 4.310366 4.468562 4.783400 5.098238 5.382414 5.562484 5.742554 5.922625 6.079916 6.265147 6.421830 6.564036 6.766656 6.969277
3.351045 3.165337 3.033914 2.911190 2.711926 2.643410 2.948443 2.583547 2.596588 2.610714 2.629955 2.721362 2.827674 2.919336 3.027492 3.060179 3.046032 3.062936 3.149022 3.235109 3.321195 3.407281 3.528582 3.649456 3.704747 3.760039 3.815331 3.870622 3.924041 3.977190 4.031646 4.116918 4.202190 4.287462 4.372179 4.475619 4.543521 4.554236 4.555628 4.557020 4.558412 4.494686 4.324041 4.152875 3.981709 3.874833 3.727731 3.801747 3.875675 3.977642 4.079609 4.227404 4.501412 4.807451 5.113491 5.419530 5.693808 5.931521 6.111591 6.223325 6.314035 6.429882 6.545658 6.749507 6.956006
3.435704 3.215571 3.088333 2.965610 2.842887 2.709487 2.738022 2.611208 2.624248 2.637289 2.650330 2.707014 2.798676 2.890338 3.043945 3.104271 3.092568 3.057441 3.010541 3.096628 3.182714 3.268800 3.447670 3.559210 3.641843 3.697135 3.752427 3.805917 3.857045 3.908174 3.961627 4.041146 4.126418 4.211690 4.246471 4.325983 4.318060 4.376703 4.414968 4.416360 4.462654 4.455819 4.284653 4.136606 4.064075 3.911646 3.756492 3.711346 3.785362 3.859377 3.995020 4.229410 4.482890 4.786639 5.092678 5.398717 5.696236 5.959741 6.223246 6.325035 6.360095 6.450495 6.543350 6.700607 6.976102
3.387528 3.265806 3.142753 3.020030 2.897306 2.774583 2.680842 2.638868 2.651909 2.662046 2.664279 2.678017 2.769679 2.861941 3.060398 3.148362 3.136660 3.124957 3.068850 2.958147 3.044233 3.177710 3.366757 3.465067 3.558699 3.634231 3.687793 3.738921 3.790049 3.841178 3.892307 3.965374 4.050645 4.144288 4.267083 4.389877 4.412287 4.404364 4.396440 4.395747 4.422048 4.416430 4.311844 4.239314 4.103614 3.948460 3.793305 3.638150 3.694961 3.821228 4.055286 4.289572 4.523966 4.785372 5.081280 5.377905 5.683944 5.962168 6.158579 6.327985 6.417384 6.507785 6.598185 6.789023 7.097674
3.322033 3.235407 3.191698 3.074449 3.016239 2.960495 2.904752 2.762627 2.670983 2.673216 2.675449 2.677682 2.740681 2.878394 3.076851 3.192454 3.180751 3.169048 3.157345 3.080259 2.923429 3.096797 3.277291 3.370924 3.464556 3.561165 3.618314 3.671925 3.723053 3.774181 3.825310 3.935257 4.057604 4.199217 4.322011 4.444805 4.506515 4.498592 4.490668 4.482744 4.488134 4.554115 4.497626 4.280552 4.129991 3.979429 3.828868 3.674964 3.647436 3.881494 4.115552 4.349733 4.584127 4.818522 5.087853 5.383761 5.679670 5.907989 6.077397 6.246804 6.474673 6.565074 6.655474 6.901627 7.219247
3.345160 3.273089 3.241726 3.216153 3.178509 3.140594 3.112305 3.043618 2.943712 2.849708 2.755705 2.688853 2.711683 2.894847 3.093304 3.236545 3.224843 3.213140 3.201437 3.189734 3.099571 3.106392 3.183148 3.279946 3.377123 3.474301 3.532547 3.588964 3.645382 3.701800 3.817132 3.968738 4.113325 4.254146 4.376940 4.499733 4.600743 4.592819 4.583587 4.553368 4.740122 4.850669 4.813560 4.469853 4.105985 3.920296 3.769734 3.644173 3.624792 3.869925 4.175818 4.409894 4.644288 4.878683 5.113078 5.390334 5.649713 5.823565 5.996216 6.165623 6.454158 6.622364 6.712764 7.014231 7.336038
3.412132 3.364144 3.338571 3.312997 3.284855 3.284606 3.290529 3.299692 3.234621 3.140617 3.046613 2.952609 2.863343 2.911301 3.109758 3.280637 3.268934 3.257231 3.245528 3.233826 3.259930 3.299773 3.265271 3.193081 3.290259 3.387436 3.446780 3.503198 3.568055 3.740733 3.913414 4.036778 4.163426 4.271990 4.374947 4.509034 4.643120 4.635568 4.605349 4.770118 4.998155 5.183890 5.062843 4.698977 4.335109 3.971240 3.719098 3.720217 3.710490 3.745237 4.045109 4.291709 4.551050 4.819914 5.088777 5.356305 5.565137 5.738990 5.912842 6.084442 6.384209 6.679653 6.805029 7.126835 7.420662
3.503128 3.460988 3.435415 3.420527 3.447377 3.462645 3.469049 3.478211 3.463107 3.431526 3.337522 3.243518 3.156674 3.150499 3.151155 3.324728 3.313026 3.304802 3.304829 3.304856 3.370006 3.502036 3.450128 3.333633 3.217139 3.300572 3.361013 3.487897 3.660575 3.833254 3.941262 4.064745 4.194502 4.299864 4.398032 4.496201 4.613995 4.657331 4.789366 5.017404 5.245442 5.473480 5.291968 4.928101 4.564233 4.206096 3.881517 3.796262 3.796187 3.702213 3.770634 4.017234 4.263837 4.531598 4.800462 5.038707 5.257694 5.476681 5.695669 5.977226 6.295824 6.612522 6.896504 7.148354 7.400203
3.594125 3.557832 3.558178 3.585028 3.611878 3.638729 3.647568 3.632570 3.609013 3.617660 3.628430 3.534427 3.450006 3.443087 3.443401 3.446422 3.375837 3.375864 3.375891 3.375918 3.480081 3.613621 3.634984 3.518489 3.401996 3.285502 3.407739 3.580416 3.753094 3.884755 3.945349 4.075850 4.225578 4.327738 4.425906 4.524075 4.622243 4.800139 5.036651 5.264688 5.492725 5.721177 5.521093 5.157225 4.804446 4.479866 4.155286 3.872306 3.873426 3.786188 3.643971 3.742759 3.989361 4.243283 4.502121 4.721109 4.940096 5.159084 5.466829 5.813040 6.138931 6.491545 6.860200 7.116047 7.371896
3.666889 3.695829 3.722680 3.749530 3.776380 3.803230 3.803379 3.779822 3.756265 3.745694 3.772214 3.798734 3.743337 3.744230 3.750488 3.741009 3.616670 3.492332 3.446952 3.456617 3.590157 3.723697 3.756720 3.703346 3.586852 3.504442 3.569858 3.672936 3.828249 3.888842 3.949435 4.086954 4.256654 4.355612 4.453780 4.551949 4.650118 4.911514 5.207456 5.506551 5.740007 5.884451 5.750218 5.402796 5.078216 4.753635 4.429056 4.104481 3.949470 3.870162 3.727945 3.585729 3.714885 3.961489 4.183723 4.403511 4.622499 4.956431 5.302642 5.648853 6.020216 6.433206 6.821365 7.077211 7.333058
3.748882 3.838108 3.887181 3.914031 3.940881 3.967731 3.950631 3.927074 3.903516 3.879959 3.900248 3.926768 3.946911 3.977450 4.008117 4.029753 3.905706 3.781367 3.657029 3.566693 3.700233 3.833774 3.855811 3.842064 3.771708 3.737160 3.802576 3.831630 3.849987 3.892929 3.953522 4.098059 4.285317 4.383486 4.481655 4.579824 4.749695 5.027654 5.315678 5.614773 5.897714 6.025260 6.022114 5.694308 5.351985 5.027404 4.702825 4.378250 4.053675 3.954136 3.811919 3.669703 3.497982 3.602767 3.786724 4.011830 4.337132 4.679610 5.022086 5.391679 5.894291 6.374867 6.782529 7.038375 7.294221
3.842583 3.931809 4.021035 4.078532 4.105383 4.116158 4.097883 4.074325 4.050768 4.027211 4.024820 4.044900 4.064979 4.092240 4.122907 4.141008 4.138591 4.070401 3.946063 3.861184 3.819664 3.943850 3.954903 3.941155 3.927408 3.921856 3.919563 3.917270 3.938816 3.968350 3.997884 4.109164 4.308130 4.411361 4.509530 4.607699 4.865834 5.143793 5.361578 5.576317 5.791057 5.976734 6.186494 6.513086 6.644746 5.826488 5.008232 4.623937 4.285429 4.038110 3.861128 3.642506 3.423884 3.419401 3.495247 3.704105 4.046581 4.389057 4.731534 5.223324 5.725936 6.228547 6.729518 6.999539 7.255385
3.936285 4.025511 4.114737 4.203963 4.269884 4.264316 4.245134 4.221577 4.172719 4.121632 4.126966 4.162967 4.183046 4.207029 4.237696 4.252263 4.249846 4.247428 4.235097 4.162271 4.120751 4.073531 4.044419 4.021597 3.998775 3.996097 4.002830 4.002910 4.027644 4.057178 4.097823 4.146597 4.319237 4.439236 4.537405 4.704015 4.981973 5.135658 5.270019 5.469660 5.684400 6.004869 6.358597 6.674182 7.004059 6.873884 6.251793 5.629702 5.006706 4.005650 3.787028 3.565193 3.342639 3.267606 3.331437 3.395279 3.746266 4.097253 4.552356 5.054968 5.557580 6.060192 6.541669 6.946348 7.205499
4.041472 4.119213 4.208439 4.297665 4.374394 4.389937 4.357145 4.306057 4.254969 4.203882 4.215131 4.264585 4.301114 4.321819 4.352486 4.363518 4.361100 4.358683 4.352844 4.322474 4.259689 4.196280 4.129162 4.090339 4.067517 4.063878 4.070611 4.077344 4.116472 4.151290 4.200065 4.248840 4.330343 4.467685 4.565280 4.784823 4.919183 5.053544 5.187904 5.363003 5.577744 6.103886 6.530700 6.846285 7.163014 7.031290 6.408735 5.777910 4.942470 3.873433 3.667749 3.467660 3.245105 3.103795 3.167626 3.231457 3.435857 3.852109 4.326696 4.854753 5.382811 5.889410 6.344219 6.799027 7.147362
4.177594 4.242359 4.307125 4.382275 4.449942 4.468145 4.439394 4.388307 4.344650 4.304602 4.313133 4.352750 4.402204 4.439261 4.467275 4.474772 4.472269 4.464536 4.456803 4.445846 4.383061 4.318660 4.251541 4.184423 4.136259 4.131659 4.138392 4.145124 4.188068 4.242334 4.296600 4.350867 4.399857 4.496287 4.568347 4.702708 4.837069 4.971429 5.105789 5.256346 5.572786 6.202904 6.702803 7.018387 7.333972 7.086932 6.549115 5.918290 4.869553 3.800514 3.275271 3.251597 3.147572 2.939985 3.003816 3.067647 3.198645 3.639843 4.096025 4.606308 5.134366 5.638317 6.090958 6.660124 6.918750
4.309801 4.369075 4.429461 4.498178 4.560159 4.565084 4.573127 4.535085 4.495037 4.454989 4.479432 4.505169 4.530906 4.556643 4.582064 4.583962 4.576229 4.568496 4.560763 4.553030 4.506434 4.441039 4.373921 4.306802 4.239684 4.248125 4.246231 4.236971 4.279904 4.324339 4.377496 4.431762 4.472396 4.488675 4.506481 4.620592 4.754953 4.889314 5.023675 5.158035 5.671804 6.301921 6.874906 6.918066 6.781423 6.523964 6.084114 5.521188 4.696504 3.727594 2.882793 2.859119 2.835445 2.811770 2.842965 2.911293 3.051462 3.446965 3.883760 4.357914 4.885920 5.375459 6.014339 6.295470 -9999
4.425557 4.484832 4.551556 4.620273 4.663342 4.668267 4.676409 4.685472 4.645424 4.619993 4.645730 4.671467 4.697204 4.716518 4.722059 4.695097 4.680189 4.672456 4.664723 4.656990 4.629806 4.563419 4.496300 4.429182 4.441670 4.479325 4.486992 4.433054 4.474671 4.519105 4.563540 4.565582 4.565795 4.606790 4.640771 4.715887 4.910961 5.050931 5.190900 5.330869 5.888244 6.511513 6.449609 6.333182 6.196539 5.960996 5.521146 4.845402 4.020718 3.196034 2.653867 2.597729 2.616087 2.634445 2.687110 2.755438 2.904280 3.299783 3.695286 4.127672 4.637484 5.017710 -9999 -9999 -9999
4.541313 4.604933 4.673650 4.742367 4.766525 4.771450 4.779691 4.789646 4.795812 4.786292 4.809451 4.819805 4.830159 4.798531 4.826751 4.803225 4.778640 4.758561 4.761503 4.756516 4.749769 4.685798 4.618680 4.619551 4.657206 4.678258 4.686212 4.629137 4.669438 4.691114 4.691327 4.691540 4.691754 4.790874 4.839868 4.872255 5.018394 5.222591 5.425386 5.565355 5.955783 5.889746 5.823709 5.748296 5.611655 5.398028 4.958178 4.169616 3.344932 2.987823 2.722823 2.549978 2.466455 2.484813 2.531255 2.599583 2.768212 3.152599 3.548101 3.941602 4.249731 -9999 -9999 -9999 -9999
4.643106 4.714358 4.795744 4.864461 4.869708 4.874633 4.882973 4.881694 4.874521 4.895456 4.933446 4.943800 4.894603 4.826261 4.929680 4.908977 4.884392 4.859806 4.835221 4.829901 4.831786 4.790794 4.772127 4.780088 4.788049 4.796011 4.803972 4.811933 4.816859 4.817072 4.817286 4.817499 4.859137 4.974959 5.038965 5.071353 5.116704 5.320901 5.524355 5.713802 5.470454 5.263846 5.197809 5.131772 5.026770 4.835060 4.318514 3.586779 3.321779 3.056780 2.791780 2.577946 2.458425 2.338814 2.375401 2.649335 2.966548 3.210251 3.546640 3.694227 -9999 -9999 -9999 -9999 -9999
4.702009 4.735859 4.851889 4.929873 4.912499 4.907507 4.919072 4.911899 4.904726 4.915808 4.964503 4.990676 4.918344 4.929189 5.032608 5.014730 4.990144 4.964713 4.934872 4.905030 4.894037 4.869023 4.843736 4.851697 4.859658 4.867620 4.875581 4.884439 4.899867 4.919636 4.939404 4.943457 5.043221 5.159043 5.238063 5.270450 5.278490 5.398705 5.588153 5.743696 5.536716 5.257247 4.977779 4.698310 4.439836 4.272092 3.929317 3.681908 3.434499 3.187090 2.939681 2.692273 2.486393 2.366872 2.288220 2.486002 2.729705 2.969978 -9999 -9999 -9999 -9999 -9999 -9999 -9999
4.760911 4.757360 4.873390 4.914889 4.902345 4.925809 4.949274 4.942104 4.934931 4.936160 4.984856 5.014416 4.942084 5.032117 5.112989 5.106477 5.076636 5.046795 5.016953 5.000299 4.974590 4.943784 4.920975 4.923306 4.931267 4.939228 4.947189 4.957155 4.970940 4.988617 5.008385 5.073521 5.197939 5.322358 5.382501 5.362544 5.342587 5.462503 5.651950 5.764953 5.566302 5.323509 5.038117 4.730666 4.443768 4.239939 4.022288 3.824246 3.609446 3.394646 3.179845 2.950735 2.703337 2.455928 2.275311 2.337867 2.489432 -9999 -9999 -9999 -9999 -9999 -9999 -9999 -9999
4.819814 4.807966 4.894891 4.899905 4.920647 4.944112 4.967577 4.972309 4.965136 4.957963 5.005207 5.038156 5.031627 5.108312 5.145884 5.183456 5.158718 5.128876 5.132630 5.136735 5.093519 5.050308 5.007111 4.994915 5.002876 5.010837 5.018798 5.029871 5.043656 5.057598 5.080728 5.205145 5.329563 5.448430 5.437853 5.426641 5.406684 5.526300 5.715748 5.786210 5.587559 5.345132 5.037681 4.730230 4.574969 4.329523 4.051380 3.828131 3.613331 3.398530 3.183730 2.968929 2.754129 2.539328 2.429995 -9999 -9999 -9999 -9999 -9999 -9999 -9999 -9999 -9999 -9999
4.878695 4.866868 4.902294 4.915485 4.938950 4.962414 4.985879 5.002513 5.002066 5.002666 5.025559 5.061896 5.103635 5.141207 5.178779 5.216351 5.251830 5.264960 5.278090 5.255665 5.212449 5.169233 5.126027 5.090333 5.074485 5.082446 5.090407 5.102588 5.116372 5.130157 5.201478 5.321854 5.442230 5.501739 5.493100 5.483085 5.470781 5.590098 5.779546 5.807468 5.608816 5.344695 5.037243 4.858129 4.694726 4.419118 4.165883 3.860975 3.617196 3.402396 3.187595 2.972795 2.757994 2.648661 -9999 -9999 -9999 -9999 -9999 -9999 -9999 -9999 -9999 -9999 -9999
4.931252 4.925746 4.937487 4.970057 5.002625 5.035191 5.067758 5.100325 5.132891 5.135617 5.136706 5.147071 5.185895 5.234513 5.283131 5.331746 5.380360 5.410420 5.417810 5.374594 5.331379 5.288163 5.244947 5.203708 5.183860 5.167164 5.162016 5.183729 5.229292 5.274855 5.320418 5.406618 5.526994 5.551618 5.542979 5.534340 5.525676 5.638636 5.843343 5.828725 5.630074 5.344257 5.141289 5.034177 4.784321 4.508715 4.254241 4.009764 3.670570 3.406261 3.191461 2.974727 2.867327 -9999 -9999 -9999 -9999 -9999 -9999 -9999 -9999 -9999 -9999 -9999 -9999
4.939054 4.960050 4.979115 5.015512 5.048081 5.080650 5.113219 5.145787 5.178354 5.256382 5.279476 5.298005 5.316535 5.356067 5.404681 5.453296 5.501910 5.550524 5.536740 5.493524 5.450308 5.407093 5.363877 5.320662 5.297235 5.277560 5.284383 5.329785 5.375423 5.421061 5.466625 5.512188 5.610135 5.601496 5.592821 5.584133 5.575446 5.587208 5.806138 5.849983 5.651331 5.424450 5.320623 5.138331 4.872790 4.598312 4.342599 4.119160 3.819359 3.480165 3.300794 -9999 -9999 -9999 -9999 -9999 -9999 -9999 -9999 -9999 -9999 -9999 -9999 -9999 -9999
