Tests/Data/MeshGeoToolsLib/Hamburg/00-raster.asc
ncols         298
nrows         205
xllcorner     559440.546880
yllcorner     5928897.096700
cellsize      25.000000
NODATA_value  -9999
[rows 58 to 86 of 205, columns 0 to 64 of 298]
-9999 -9999 -9999 -9999 -9999 6.544483 6.329620 5.984043 5.643405 5.306596 4.980587 4.654577 4.381505 4.402312 4.415183 4.428053 4.232619 4.005713 3.766446 3.427832 3.130356 3.092051 3.057013 2.821057 2.322554 1.824049 1.619386 1.442439 1.265493 1.288630 1.480429 1.728933 1.950678 2.059450 2.164800 2.269984 2.363550 2.391201 2.418852 2.488903 2.538019 2.604907 2.586272 2.547781 2.513280 2.522335 2.533872 2.545409 2.556946 2.568482 2.720196 2.943237 3.193224 3.443211 3.529812 3.609775 3.648726 3.652292 3.555374 3.349707 3.134535 2.926195 2.727744 2.482270 2.288414
-9999 -9999 -9999 -9999 6.487325 6.483189 6.195568 5.854930 5.514292 5.180915 4.854905 4.528896 4.140700 3.957242 3.921857 3.934728 3.709515 3.482609 3.217210 2.859405 2.520791 2.311979 2.273674 1.997989 1.499487 1.167161 0.990214 0.813268 0.636321 0.715569 0.907368 1.128210 1.620303 1.729075 1.837847 1.946620 2.055307 2.150610 2.263681 2.359267 2.397445 2.435622 2.475924 2.486014 2.504046 2.522079 2.540111 2.553135 2.564672 2.582629 2.810755 3.046925 3.253741 3.460556 3.593500 3.702883 3.764207 3.703210 3.642214 3.492553 3.331967 3.123822 2.858028 2.594688 2.397631
-9999 -9999 -9999 -9999 6.379411 6.267361 6.043261 5.725817 5.385179 5.055235 4.729224 4.403215 3.948371 3.703193 3.562102 3.421273 3.273955 3.126636 2.845416 2.438319 2.031223 1.624126 1.430016 1.100188 0.715722 0.537991 0.371372 0.283591 0.195810 0.195356 0.334307 0.527487 1.065379 1.398700 1.507472 1.616245 1.755719 2.015969 2.129039 2.229630 2.267808 2.310425 2.420803 2.434833 2.452865 2.470898 2.488930 2.506962 2.524994 2.552869 2.697983 2.904799 3.111615 3.318429 3.522381 3.631765 3.701333 3.754127 3.693131 3.494441 3.367308 3.194830 2.967991 2.717676 2.520619
-9999 -9999 -9999 6.279767 6.275632 6.051532 5.827432 5.596704 5.256066 4.929554 4.603543 4.215097 3.751287 3.476246 3.349415 3.195837 3.002729 2.809621 2.503474 2.122881 1.742287 1.361693 0.886499 0.488126 0.307042 0.218233 0.130452 0.042671 -0.045110 -0.047781 -0.019813 0.025563 0.464656 1.002548 1.177097 1.285869 1.497831 1.762838 1.994397 2.099994 2.138172 2.244788 2.382076 2.467711 2.401684 2.419717 2.437749 2.456020 2.477523 2.512892 2.561760 2.762673 2.969488 3.176302 3.383115 3.541841 3.599892 3.657943 3.715994 3.523078 3.369196 3.193098 2.983976 2.840663 2.643607
-9999 -9999 -9999 6.176756 6.060865 5.835703 5.611604 5.387504 5.129885 4.803873 4.477861 3.992920 3.490931 3.276738 3.149907 2.977234 2.734812 2.458683 2.176068 1.870268 1.495024 1.114431 0.650724 0.245800 0.068782 -0.020439 -0.109660 -0.198249 -0.286031 -0.290918 -0.195048 -0.014506 0.166035 0.401825 0.846722 0.974936 1.239943 1.504950 1.769957 1.970357 2.068774 2.206061 2.343349 2.480636 2.445530 2.368536 2.387424 2.408927 2.432341 2.472915 2.521784 2.620547 2.827331 3.034043 3.240756 3.414275 3.498451 3.556502 3.594350 3.586064 3.371084 3.191365 2.982244 2.878121 2.766594
-9999 -9999 5.915141 5.995112 5.831625 5.615865 5.400105 5.184345 4.968585 4.665056 4.234553 3.732564 3.230575 3.077230 2.917172 2.642720 2.366591 2.122649 2.019483 1.316756 1.148315 0.867168 0.414949 0.003474 -0.169478 -0.258699 -0.347920 -0.437140 -0.526361 -0.415658 -0.235116 -0.054575 0.125967 0.306508 0.487050 0.725367 1.004187 1.283007 1.561827 1.921370 2.033259 2.170391 2.307523 2.444655 2.462586 2.353804 2.364882 2.391660 2.419636 2.463780 2.507925 2.567209 2.684918 2.891631 3.098343 3.277633 3.367739 3.450788 3.454923 3.459057 3.372971 3.189633 2.980513 2.911025 2.868142
-9999 -9999 5.609231 5.524077 5.363539 5.321707 5.123539 4.915867 4.700107 4.403419 3.945326 3.456515 2.992618 2.778879 2.550631 2.274501 1.998371 1.803612 1.700447 1.176127 0.720454 0.426363 0.179175 -0.238851 -0.407738 -0.482118 -0.457576 -0.433034 -0.408491 -0.357559 -0.204055 -0.050551 0.102953 0.267516 0.472842 0.697800 0.976620 1.324236 1.709179 2.089755 2.161680 2.221442 2.281204 2.396577 2.363914 2.324201 2.350979 2.377757 2.410917 2.455061 2.499205 2.571587 2.663230 2.754872 2.955930 3.140991 3.231097 3.256312 3.275415 3.294517 3.313619 3.187901 2.986811 2.943928 2.901045
-9999 4.861787 5.082554 4.895318 4.742191 4.826374 4.784274 4.586106 4.387938 4.058232 3.565789 3.074898 2.691002 2.426846 2.182411 1.906282 1.757103 1.512910 1.381410 1.038585 0.606840 0.224660 -0.157517 -0.407221 -0.382895 -0.351484 -0.326942 -0.302400 -0.277857 -0.253315 -0.133554 0.019950 0.173454 0.342103 0.519334 0.751777 1.112046 1.496988 1.881930 2.235731 2.309944 2.376177 2.435939 2.444858 2.404771 2.390706 2.347163 2.363855 2.402198 2.446342 2.490486 2.575965 2.667608 2.759250 2.850892 3.004349 3.041272 3.060375 3.079478 3.098581 3.152593 3.154554 3.028629 2.984494 2.943673
-9999 4.641020 4.453789 4.266558 4.120843 4.205027 4.289210 4.246840 4.048672 3.685560 3.186248 2.693807 2.450548 2.211708 1.989686 1.841018 1.676492 1.406709 1.136928 0.901042 0.493229 0.111044 -0.185757 -0.303187 -0.276458 -0.233856 -0.197330 -0.171766 -0.147223 -0.122681 -0.063053 0.090451 0.248210 0.425442 0.647588 1.018733 1.358927 1.687101 2.054682 2.381706 2.455920 2.530133 2.590674 2.568371 2.521306 2.498000 2.464167 2.420623 2.400726 2.445678 2.490629 2.578034 2.669713 2.761393 2.853072 2.900325 2.922670 2.945015 2.967360 3.004403 3.078481 3.120138 3.089529 3.028295 2.987474
3.791487 4.012255 3.825024 3.637793 3.499496 3.583679 3.667862 3.752045 3.709407 3.324931 2.819886 2.733149 2.535653 2.296817 2.066802 1.842322 1.575794 1.300509 1.030726 0.752986 0.393963 0.112810 -0.033400 -0.154390 -0.219666 -0.164976 -0.110285 -0.055594 -0.016589 0.007953 0.032495 0.160952 0.331550 0.543399 0.914544 1.285689 1.636461 1.964635 2.292809 2.541328 2.601895 2.676108 2.745347 2.692490 2.649576 2.606662 2.581170 2.527709 2.441912 2.451596 2.496547 2.578544 2.670223 2.761903 2.806593 2.835276 2.858136 2.883878 2.921840 2.959802 3.019189 3.053328 3.022718 3.056184 3.024552
3.764855 3.544851 3.341303 3.137754 2.935844 3.019587 3.103331 3.187075 3.270818 2.957084 2.904582 2.802417 2.620761 2.381925 2.148997 1.918356 1.687715 1.368235 1.026654 0.685203 0.439525 0.296439 0.150229 0.004018 -0.123023 -0.108184 -0.053494 -0.000242 0.050240 0.100722 0.151205 0.237656 0.439210 0.810355 1.181500 1.552645 1.913995 2.242169 2.494870 2.734667 2.826239 2.885050 2.898397 2.825514 2.777845 2.734931 2.697939 2.632939 2.547141 2.461344 2.502465 2.579054 2.670733 2.712576 2.741259 2.769942 2.801315 2.839276 2.877238 2.915200 2.959896 2.986517 2.994810 3.031880 3.053405
3.820054 3.738734 3.557378 3.353830 3.150281 2.946733 2.897790 2.981533 3.065277 2.873173 3.010205 2.864648 2.684483 2.448860 2.223019 1.992378 1.761737 1.499230 1.140582 0.868996 0.610437 0.445835 0.309361 0.187647 0.041437 -0.051393 0.000628 0.051111 0.101593 0.172675 0.307790 0.477819 0.797448 1.150511 1.503574 1.856637 2.182778 2.416557 2.656354 2.896151 3.052339 3.111150 3.076054 3.017480 2.959043 2.900606 2.832612 2.743175 2.652371 2.566574 2.508383 2.579564 2.618559 2.647242 2.707585 2.768999 2.800113 2.794675 2.832636 2.870598 2.908560 2.933436 2.970506 3.007576 3.044647
3.901886 3.902399 3.739759 3.569905 3.366357 3.162809 2.959261 2.775992 2.753985 2.940776 3.074423 2.895168 2.715914 2.529551 2.295646 2.072317 1.861264 1.613158 1.277499 1.073278 0.869637 0.705035 0.540433 0.375831 0.211229 0.078855 0.058286 0.198477 0.393551 0.588624 0.783698 0.978772 1.224310 1.580150 1.933213 2.197425 2.398735 2.600045 2.817839 3.057635 3.278438 3.337250 3.267883 3.209446 3.150136 3.051452 2.963080 2.897251 2.800540 2.703828 2.606263 2.579251 2.640739 2.704214 2.767688 2.804822 2.860126 2.849245 2.838364 2.828394 2.866129 2.909131 2.946201 2.999044 3.060132
-9999 4.066063 3.903423 3.706640 3.467742 3.277458 3.087174 2.896890 2.817524 3.008381 3.069850 2.925688 2.865781 2.667731 2.427380 2.197238 1.978394 1.727086 1.480976 1.276755 1.091190 0.931103 0.771016 0.610929 0.450842 0.312307 0.389048 0.617846 0.837355 1.064532 1.259606 1.454680 1.634773 2.009789 2.212071 2.413381 2.614691 2.816001 3.017311 3.219117 3.458917 3.519513 3.459849 3.370934 3.270291 3.169648 3.106263 3.048204 2.951493 2.854781 2.794632 2.780308 2.815255 2.876247 2.939721 2.940151 2.936128 2.937914 2.940231 2.942549 2.944248 2.951467 3.012556 3.073644 3.134732
-9999 4.229728 4.067088 3.841991 3.601596 3.361201 3.165557 2.975273 2.938993 3.022634 3.059172 3.062816 3.034398 2.805912 2.569945 2.339804 2.109663 1.888674 1.684452 1.480231 1.299011 1.138924 0.978837 0.818750 0.709758 0.611890 0.685465 0.931886 1.171225 1.410565 1.632498 1.839070 2.045241 2.258634 2.454400 2.650167 2.845934 3.041701 3.233884 3.427599 3.623802 3.690417 3.589774 3.489131 3.388488 3.287845 3.249447 3.199157 3.102445 3.013821 3.019276 3.001931 3.016313 3.051260 3.097432 3.091135 3.082625 3.078960 3.081277 3.083595 3.069107 3.052139 3.087156 3.148244 3.209332
-9999 4.312072 4.217733 3.977342 3.736947 3.496552 3.256157 3.095961 3.098883 3.112428 3.185105 3.231433 3.184780 2.944092 2.712511 2.482370 2.277823 2.084926 1.887929 1.683708 1.506831 1.346744 1.203339 1.107030 1.010566 0.911472 0.978509 1.233089 1.474724 1.714064 1.953403 2.126428 2.205490 2.364976 2.552559 2.743422 2.934284 3.125146 3.316009 3.508923 3.495100 3.620318 3.660080 3.607327 3.506684 3.418398 3.392630 3.350110 3.253398 3.238465 3.243921 3.233688 3.217370 3.252317 3.246142 3.237632 3.229122 3.220612 3.222323 3.224007 3.193966 3.163925 3.162209 3.222844 3.281087
-9999 4.467429 4.353087 4.112692 3.872297 3.646015 3.447020 3.287046 3.286769 3.295208 3.315781 3.388458 3.322960 3.085218 2.856806 2.663910 2.471013 2.278116 2.085219 1.887184 1.714652 1.600612 1.504303 1.407994 1.310149 1.211055 1.271553 1.526133 1.778224 2.017563 2.134458 2.244518 2.329119 2.482042 2.646291 2.825548 3.016410 3.207273 3.394608 3.381898 3.323672 3.461205 3.650811 3.609870 3.568929 3.560206 3.535813 3.501062 3.457655 3.463110 3.468565 3.465446 3.420210 3.445435 3.399701 3.384129 3.375619 3.367109 3.363369 3.348865 3.318825 3.288784 3.269844 3.297444 3.351705
-9999 4.540953 4.502910 4.303915 4.104920 3.905925 3.706930 3.507935 3.495504 3.495227 3.494950 3.519135 3.461141 3.242893 3.049996 2.857100 2.664618 2.477249 2.289880 2.102511 1.997884 1.901575 1.805267 1.708826 1.609732 1.510638 1.564596 1.819177 2.026562 2.140320 2.252549 2.362608 2.452747 2.599107 2.763357 2.927606 3.098537 3.260713 3.268696 3.210470 3.152244 3.302092 3.522348 3.600602 3.559660 3.574335 3.597271 3.653169 3.682299 3.687754 3.693209 3.697204 3.651968 3.605770 3.560036 3.530627 3.522117 3.513606 3.503807 3.473724 3.443684 3.413643 3.383602 3.379914 3.422401
-9999 -9999 4.544137 4.563825 4.364830 4.165835 3.966840 3.767845 3.704240 3.703963 3.703686 3.720425 3.674758 3.487390 3.300022 3.112653 2.925284 2.737915 2.550546 2.402621 2.298341 2.202424 2.106230 2.008409 1.909315 1.810221 1.857640 2.019141 2.132899 2.246657 2.364959 2.483953 2.541282 2.687651 2.841889 2.982654 3.115975 3.155494 3.097268 3.039042 2.980816 3.142978 3.363235 3.583491 3.565529 3.601396 3.689208 3.777019 3.820938 3.849532 3.878127 3.901985 3.846889 3.770274 3.723446 3.664876 3.644255 3.631729 3.639575 3.618122 3.586106 3.554090 3.532805 3.504206 3.496446
-9999 -9999 4.489754 4.573745 4.624739 4.425744 4.226749 4.027754 3.912975 3.912698 3.912421 3.928436 3.800721 3.656812 3.517484 3.373318 3.185950 2.998581 2.820026 2.706634 2.593053 2.488865 2.373642 2.228060 2.129762 2.031464 2.028417 2.147412 2.266406 2.385401 2.504395 2.589154 2.375904 2.497523 2.638288 2.766620 2.862818 2.891581 2.925840 2.867614 2.809388 2.983865 3.204121 3.424378 3.637435 3.725246 3.813058 3.900869 3.958949 3.987543 3.996926 3.996900 3.986049 3.928147 3.876083 3.816500 3.760757 3.765074 3.775343 3.762814 3.730798 3.717202 3.706110 3.645281 3.621230
-9999 -9999 4.477366 4.519361 4.603352 4.667931 4.486659 4.287664 4.121711 4.121434 4.122929 4.070235 3.919803 3.769370 3.629600 3.490272 3.350944 3.211616 3.101236 2.966891 2.841293 2.737105 2.560892 2.366768 2.252407 2.154109 2.167853 2.286847 2.405842 2.524836 2.572767 2.355736 2.172076 2.293921 2.417264 2.513462 2.609661 2.635264 2.678841 2.696186 2.637960 2.824752 3.045008 3.418654 3.761285 3.849097 3.936908 4.024720 4.091891 4.091866 4.091841 4.091815 4.091789 4.067615 4.027707 3.968124 3.919900 3.918551 3.917201 3.912692 3.901600 3.890508 3.854645 3.786358 3.763497
-9999 -9999 4.422982 4.464978 4.548969 4.632960 4.707709 4.547574 4.348579 4.330169 4.335893 4.189317 4.038884 3.888452 3.741716 3.602388 3.475316 3.395539 3.315763 3.216044 3.089533 2.942266 2.748142 2.554019 2.375053 2.276755 2.307289 2.426283 2.545278 2.501099 2.335570 2.118539 1.975508 2.067909 2.164107 2.260305 2.356503 2.381935 2.411912 2.466102 2.466531 2.696602 3.071421 3.446239 3.821058 3.972947 4.062274 4.158927 4.200443 4.186781 4.186756 4.186730 4.191569 4.211571 4.174430 4.119748 4.091869 4.090520 4.089170 4.085997 4.074905 4.054983 3.997003 3.927434 3.905765
-9999 -9999 4.395791 4.410594 4.494585 4.578576 4.662568 4.746559 4.608488 4.538905 4.458831 4.308398 4.157966 4.007534 3.857102 3.747865 3.668088 3.588312 3.508535 3.428759 3.323640 3.129516 2.935392 2.741269 2.547145 2.399400 2.446724 2.523428 2.425151 2.315405 2.098373 1.881342 1.778939 1.863982 1.945741 2.027500 2.115067 2.128606 2.149384 2.199172 2.362800 2.701984 3.077619 3.453253 3.828888 4.102095 4.203995 4.300648 4.317388 4.288375 4.281671 4.281645 4.322816 4.355526 4.318386 4.271372 4.263838 4.262489 4.261139 4.259302 4.248210 4.203370 4.138079 4.068510 4.048032
-9999 -9999 -9999 4.356211 4.440202 4.524193 4.608184 4.692175 4.776166 4.728345 4.577912 4.443731 4.316069 4.188408 4.060746 3.955532 3.860861 3.781084 3.701308 3.621531 3.462412 3.316766 3.122642 2.928519 2.734395 2.540272 2.447479 2.349202 2.250925 2.078208 1.861176 1.644144 1.578847 1.660606 1.752117 1.871976 1.991834 2.030905 2.011450 2.152451 2.412646 2.688218 3.044582 3.420217 3.685912 3.946329 4.206746 4.442369 4.434333 4.405320 4.376586 4.400763 4.454064 4.499480 4.462341 4.439254 4.435807 4.434458 4.433108 4.431759 4.403708 4.348620 4.279155 4.209586 4.190299
-9999 -9999 -9999 4.314131 4.431957 4.545465 4.658972 4.772480 4.855805 4.851601 4.790103 4.662441 4.534779 4.407117 4.279455 4.177389 4.079349 3.981308 3.894080 3.757793 3.582458 3.440691 3.298925 3.115769 2.921645 2.669515 2.352658 2.174976 2.058042 1.841011 1.623979 1.406947 1.389167 1.509025 1.628884 1.748743 1.868602 1.953307 1.964445 2.186920 2.462492 2.738064 3.013345 3.269729 3.530145 3.790562 4.050978 4.425981 4.477728 4.455456 4.444336 4.512738 4.581140 4.638611 4.626765 4.623095 4.619426 4.615756 4.612086 4.592599 4.535798 4.473292 4.409593 4.345894 4.308461
-9999 -9999 -9999 4.482791 4.607533 4.781456 4.894964 4.925056 4.891841 4.934666 4.893543 4.862846 4.753488 4.625826 4.498164 4.399246 4.301205 4.203165 4.046068 3.878319 3.702505 3.560738 3.418971 3.277206 3.056371 2.779193 2.465298 2.125562 1.856852 1.668755 1.480658 1.303157 1.316056 1.385793 1.505652 1.625511 1.745369 1.865228 1.961194 2.236766 2.512338 2.783253 3.031393 3.170327 3.374377 3.634794 4.005438 4.434221 4.523405 4.477892 4.526657 4.595058 4.663460 4.742169 4.792172 4.792716 4.793261 4.785984 4.759609 4.710781 4.661060 4.597965 4.527940 4.457647 4.387354
-9999 -9999 -9999 4.526709 4.651451 4.900936 4.994307 4.961092 4.960245 5.016114 4.976608 4.935485 4.900548 4.844536 4.719144 4.621103 4.475977 4.308381 4.140786 3.939703 3.768964 3.635002 3.482091 3.329181 3.176270 2.916306 2.588406 2.299022 2.020310 1.741598 1.462887 1.315872 1.328771 1.341670 1.382419 1.502278 1.622137 1.740598 2.011041 2.286613 2.553334 2.806960 3.049442 3.188376 3.327310 3.578092 4.010009 4.441927 4.580100 4.518733 4.602936 4.677379 4.757733 4.839894 4.922054 4.946779 4.947323 4.923542 4.877850 4.828963 4.773404 4.709141 4.638848 4.568555 4.498262
-9999 -9999 -9999 4.548668 4.695369 4.944854 5.030344 4.997129 5.031846 5.087715 5.059674 5.018551 4.977427 4.938250 4.896249 4.738290 4.526049 4.313426 4.100803 3.888180 3.750119 3.677105 3.534067 3.381156 3.228245 3.051251 2.766472 2.487761 2.209049 1.930337 1.686363 1.581678 1.543883 1.506089 1.468295 1.452697 1.490854 1.606685 2.060889 2.323415 2.577041 2.830666 3.067490 3.206424 3.359275 3.549108 3.981024 4.412942 4.558566 4.568548 4.660069 4.829150 4.865723 4.937618 5.019778 5.100841 5.087475 5.044919 4.995774 4.936440 4.877107 4.817773 4.749756 4.679463 4.609170
-9999 -9999 -9999 -9999 4.739287 4.988772 5.046295 5.047578 5.100776 5.139687 5.163920 5.123391 5.082861 4.979419 4.857259 4.700125 4.494081 4.288036 4.081992 3.875948 3.731275 3.658260 3.585245 3.433131 3.280221 3.191576 2.955211 2.676499 2.403010 2.164671 1.926331 1.853333 1.815539 1.828651 1.846851 1.865050 1.799457 1.698739 2.196929 2.431400 2.627661 2.854373 3.085539 3.240115 3.397644 3.555172 3.952039 4.383956 4.455147 4.569162 4.806468 4.996436 5.033639 5.070843 5.114808 5.187087 5.212508 5.156673 5.099476 5.040142 4.980809 4.921475 4.860664 4.790371 4.703132
