Tests/Data/MeshGeoToolsLib/Hamburg/00-raster.asc
ncols         297
nrows         204
xllcorner     559440.546880
yllcorner     5928897.096700
cellsize      25.000000
NODATA_value  -9999
[rows 56 to 83 of 204, columns 195 to 259 of 297]
4.431969 4.569119 4.654278 4.576355 4.498433 4.420511 4.360148 4.280382 4.200616 3.992774 3.700299 3.407823 3.100057 2.799309 2.499395 2.211370 2.173595 2.163371 2.153148 2.231403 2.315002 2.445928 2.623741 2.776462 2.929185 2.964393 2.996502 3.028610 3.024610 2.906378 2.766434 2.475431 2.250490 2.025549 1.845698 1.960918 1.991803 2.034051 2.111043 2.188035 2.355331 2.536529 2.632640 2.699701 2.766761 2.780769 2.661677 2.529322 2.396967 2.264613 2.237108 2.222489 2.102373 2.024386 1.966072 1.897507 1.817093 1.736679 1.656264 1.592471 1.621066 1.578729 1.513033 1.557159 1.601285
4.345912 4.483061 4.553131 4.498105 4.505584 4.513062 4.517480 4.437714 4.300252 4.069031 3.776555 3.490114 3.226353 2.926438 2.626523 2.467813 2.442288 2.432065 2.421842 2.426452 2.514846 2.705835 2.896824 3.049942 3.202665 3.309377 3.341486 3.373214 3.375276 3.284687 3.127728 2.812670 2.497613 2.229109 2.004166 2.007891 2.037642 2.114635 2.193766 2.278598 2.414045 2.585809 2.725618 2.792678 2.799324 2.744533 2.660490 2.528135 2.395780 2.272515 2.277260 2.167787 2.047670 1.970980 1.912665 1.854351 1.787797 1.707383 1.626969 1.550903 1.527738 1.527961 1.562742 1.563270 1.558223
4.322920 4.447402 4.573685 4.591195 4.598673 4.606152 4.613631 4.585736 4.387888 4.145288 3.852812 3.598841 3.351756 3.053566 2.797140 2.724257 2.710981 2.700758 2.690535 2.672705 2.753940 2.964595 3.156732 3.323421 3.472532 3.615649 3.659233 3.672045 3.684856 3.662997 3.489021 3.173964 2.858906 2.543849 2.228792 2.052500 2.120822 2.202014 2.283206 2.385434 2.520882 2.656329 2.816287 2.817880 2.763088 2.708297 2.653506 2.526948 2.394593 2.312668 2.233201 2.136698 2.070836 1.998247 1.919764 1.841280 1.762796 1.686253 1.612974 1.551247 1.582720 1.617502 1.652284 1.667289 1.662242
4.310286 4.436112 4.563109 4.684285 4.684738 4.680680 4.676622 4.672563 4.475524 4.221544 3.954651 3.707567 3.460483 3.180695 3.053583 2.950561 2.943510 2.917591 2.891672 2.865753 2.856470 3.067125 3.276335 3.481148 3.678637 3.810996 3.874671 3.938345 3.983687 3.996499 3.850315 3.520190 3.185553 2.852226 2.540918 2.273878 2.371908 2.463889 2.555870 2.619146 2.717076 2.826432 2.929520 2.846333 2.740507 2.672061 2.617270 2.525762 2.393406 2.299359 2.233496 2.167634 2.101771 2.031109 1.952625 1.874141 1.795658 1.720778 1.646026 1.645886 1.672261 1.707043 1.741825 1.771308 1.766261
4.296345 4.423942 4.552534 4.645088 4.703903 4.726304 4.722246 4.718187 4.563160 4.310462 4.063377 3.816293 3.569209 3.342643 3.172654 3.033164 3.096929 3.110639 3.084720 3.058801 3.032883 3.169311 3.374125 3.578937 3.783749 4.004660 4.067630 4.130601 4.193571 4.257136 4.122384 3.811073 3.496159 3.157633 2.819107 2.578365 2.691666 2.783647 2.859670 2.920718 2.920102 2.956984 3.069539 2.992026 2.865644 2.752659 2.646834 2.533437 2.415966 2.330295 2.264432 2.198569 2.132706 2.063970 1.985486 1.910558 1.871063 1.843966 1.813407 1.797025 1.775605 1.796584 1.831366 1.866148 1.863995
4.299226 4.410838 4.529713 4.588528 4.647342 4.706156 4.764970 4.763812 4.650798 4.419188 4.172104 3.931073 3.695296 3.459518 3.249159 3.115767 3.179532 3.243298 3.277769 3.251850 3.219096 3.267100 3.471914 3.676726 3.903690 4.134922 4.263902 4.326873 4.389843 4.421672 4.302226 4.110307 3.771781 3.433256 3.094730 2.886581 2.978113 3.100195 3.161242 3.189839 3.172171 3.150303 3.209557 3.144130 3.017747 2.891365 2.764982 2.633532 2.534497 2.434562 2.338208 2.258593 2.193576 2.128397 2.061333 2.023940 2.002089 1.980238 1.958882 1.933572 1.908262 1.882952 1.911590 1.949231 1.954424
4.311199 4.406163 4.473152 4.531967 4.590782 4.649596 4.708410 4.767223 4.750171 4.535148 4.299371 4.063593 3.827815 3.592037 3.356259 3.198370 3.262135 3.325901 3.384411 3.418836 3.336969 3.381803 3.569703 3.798724 4.029956 4.261189 4.460175 4.523145 4.577830 4.513016 4.380413 4.211391 4.036072 3.708878 3.370352 3.194797 3.263955 3.384664 3.459575 3.439117 3.415818 3.392519 3.369220 3.296233 3.177355 3.058904 2.936508 2.811978 2.686718 2.587042 2.490688 2.394334 2.297980 2.211971 2.176817 2.154966 2.133115 2.110308 2.091540 2.066230 2.040920 2.015610 1.990300 2.016502 2.010465
4.300131 4.337863 4.372779 4.439176 4.503550 4.568172 4.633449 4.698726 4.678907 4.561515 4.390861 4.150130 3.909400 3.668670 3.427940 3.229329 3.250706 3.297362 3.344017 3.390673 3.437766 3.528747 3.709899 3.924991 4.156223 4.387455 4.618688 4.719417 4.721128 4.591203 4.457156 4.281837 4.106519 3.931200 3.645974 3.503014 3.553200 3.642115 3.670281 3.681333 3.658034 3.628620 3.595171 3.472628 3.354176 3.233370 3.108840 2.984309 2.857350 2.739837 2.643167 2.546813 2.450459 2.359401 2.307843 2.285992 2.264141 2.238744 2.223230 2.198888 2.173578 2.148268 2.136108 2.151883 2.170040
4.249271 4.283572 4.306709 4.322457 4.387734 4.453011 4.518289 4.569869 4.513595 4.406746 4.271235 4.135207 3.933598 3.692867 3.452137 3.263904 3.210313 3.256968 3.307305 3.361483 3.507835 3.691117 3.905670 4.120223 4.334776 4.549329 4.763882 4.877278 4.802559 4.669391 4.527603 4.352284 4.176965 4.003148 3.849426 3.770170 3.778818 3.799183 3.827028 3.832335 3.812871 3.787342 3.753021 3.649449 3.530232 3.405702 3.281171 3.156617 3.028269 2.906734 2.795647 2.699293 2.602939 2.520196 2.438869 2.417018 2.393114 2.367180 2.354274 2.331545 2.317471 2.329820 2.342170 2.359411 2.377568
4.191633 4.225299 4.262257 4.291502 4.304988 4.337851 4.403128 4.404558 4.348283 4.242163 4.116983 3.980955 3.844927 3.708898 3.476334 3.298480 3.228942 3.231021 3.285199 3.366312 3.603797 3.877414 4.109318 4.321631 4.533944 4.746257 4.899746 5.013728 4.917595 4.808448 4.698740 4.589031 4.479322 4.326953 4.173231 3.926250 3.946200 3.965423 3.948298 3.928834 3.909369 3.889905 3.870442 3.826271 3.702563 3.578033 3.453503 3.327536 3.199188 3.073632 2.959853 2.851772 2.762494 2.680992 2.599489 2.547484 2.521550 2.495616 2.485317 2.511183 2.523532 2.535882 2.548782 2.566939 2.585096
4.122975 4.156641 4.190307 4.244533 4.281845 4.295330 4.296405 4.239245 4.182970 4.077580 3.954768 3.826703 3.690675 3.554647 3.418618 3.307191 3.201734 3.208915 3.263093 3.490820 3.765096 4.038434 4.310983 4.532346 4.744659 4.956972 5.091471 5.127181 5.065733 4.985511 4.883720 4.774011 4.664302 4.554593 4.412817 4.078542 4.098492 4.091597 4.056533 4.025333 4.005868 3.986404 3.966940 3.936562 3.858736 3.750364 3.625834 3.498455 3.370107 3.238641 3.108957 2.981864 2.899162 2.813249 2.727335 2.659375 2.648573 2.624052 2.646154 2.684828 2.723502 2.741944 2.756310 2.774467 2.754425
4.054237 4.087982 4.121649 4.171847 4.228378 4.189284 4.153099 4.106217 4.039907 3.932431 3.804874 3.677317 3.588727 3.485290 3.381853 3.278416 3.174526 3.204206 3.377843 3.652119 3.926396 4.199455 4.472004 4.743062 4.955374 5.166069 5.281634 5.241469 5.217416 5.138756 5.058533 4.958991 4.849283 4.739574 4.552796 4.303292 4.250784 4.223110 4.188046 4.152981 4.117917 4.082903 4.063439 4.022275 3.944448 3.866622 3.778152 3.635800 3.485781 3.335762 3.189247 3.062754 2.992244 2.921031 2.835118 2.755687 2.744885 2.743539 2.802373 2.847346 2.886020 2.924693 2.919813 2.897243 2.876036
3.985344 4.019089 4.083128 4.104043 4.118269 4.057199 4.009794 3.973608 3.910123 3.809443 3.681886 3.568162 3.487034 3.405905 3.324777 3.203174 3.060517 3.325787 3.539142 3.813419 4.074172 4.360475 4.633024 4.905573 5.166090 5.357795 5.395086 5.368087 5.344033 5.292002 5.211778 5.131555 5.034263 4.880393 4.692775 4.505158 4.389688 4.354623 4.319559 4.284494 4.249430 4.214366 4.179302 4.082640 3.997696 3.908600 3.813207 3.681691 3.550175 3.418659 3.282864 3.150833 3.080324 3.009814 2.939305 2.856986 2.841197 2.859803 2.918638 2.977472 3.042087 3.090318 3.086821 3.034277 3.017181
3.955547 4.019992 4.067930 4.074788 4.000412 3.934495 3.873425 3.830303 3.780339 3.686456 3.558899 3.464849 3.383721 3.302593 3.158450 3.007408 2.879940 3.226395 3.568091 3.838418 4.099334 4.403329 4.707324 5.011319 5.315313 5.549282 5.518758 5.494705 5.470651 5.445246 5.365023 5.284800 5.178891 5.020373 4.832755 4.645137 4.514326 4.486136 4.451072 4.416007 4.380943 4.326312 4.211956 4.069414 4.005959 3.942633 3.848263 3.716747 3.585231 3.453715 3.322198 3.198903 3.161902 3.097894 3.027384 2.956874 2.937508 2.976979 3.044186 3.111393 3.178602 3.245810 3.260303 3.227835 3.195368
3.956855 4.021300 4.048265 3.994228 3.924104 3.832685 3.750720 3.689650 3.650555 3.563468 3.442664 3.361536 3.266592 3.115550 2.964508 2.826586 2.774537 3.101622 3.443318 3.785014 4.150004 4.463745 4.777487 5.091229 5.394636 5.526307 5.733297 5.666435 5.599573 5.573215 5.518269 5.391383 5.254263 5.117142 4.972734 4.785116 4.626888 4.596572 4.568947 4.541323 4.467678 4.353322 4.234269 4.119047 4.051017 3.979178 3.873206 3.751163 3.620221 3.488771 3.357255 3.225738 3.182711 3.145709 3.108708 3.062287 3.013103 3.071315 3.177243 3.243927 3.308570 3.373214 3.444586 3.428374 3.395907
3.958164 4.017484 3.967705 3.913667 3.847797 3.756377 3.664958 3.573539 3.507506 3.440480 3.339351 3.223692 3.078079 2.944871 2.811662 2.678453 2.701585 2.976849 3.392131 3.825455 4.258780 4.579298 4.893040 5.206781 5.382676 5.519249 5.758339 5.964247 5.897385 5.830523 5.690862 5.485970 5.329634 5.192514 5.055393 4.918272 4.771568 4.706441 4.664665 4.579440 4.494215 4.380332 4.252215 4.177020 4.096941 3.990969 3.884998 3.779027 3.653350 3.522408 3.391466 3.260525 3.173417 3.108846 3.070943 3.059354 3.025459 3.097796 3.200305 3.302814 3.405325 3.498807 3.570491 3.625173 3.592406
3.948980 3.923843 3.887144 3.833107 3.771489 3.680069 3.588650 3.497231 3.405811 3.317492 3.196364 3.063156 2.929947 2.796738 2.663530 2.530321 2.683330 3.037428 3.448291 3.877067 4.310391 4.694851 5.008593 5.231012 5.324837 5.512191 5.751281 5.990371 6.195197 6.128335 5.950918 5.746026 5.541135 5.324710 5.116637 4.970008 4.862018 4.757894 4.679507 4.594282 4.509057 4.407342 4.303022 4.214704 4.108732 4.002761 3.896790 3.790819 3.684847 3.550644 3.389546 3.231061 3.144600 3.058138 3.039276 3.019640 2.985745 2.971349 3.185365 3.325875 3.414460 3.424376 3.492674 3.560336 3.627560
3.834923 3.809786 3.784648 3.752547 3.695181 3.603762 3.512342 3.417785 3.352332 3.314402 3.243462 3.102419 2.961376 2.820333 2.679290 2.574735 2.816257 3.148265 3.559128 3.969991 4.380855 4.795327 5.048034 5.188943 5.266999 5.505134 5.744224 5.983313 6.222403 6.415867 6.189896 5.963322 5.736747 5.510172 5.283598 5.057023 4.868320 4.735468 4.658894 4.582319 4.499497 4.387572 4.286130 4.171388 4.056646 3.941904 3.827163 3.712421 3.595065 3.466575 3.338086 3.214556 3.128095 3.041633 3.007609 2.979926 2.946032 2.912137 3.051474 3.265526 3.336394 3.346558 3.414856 3.482081 3.549305
3.728587 3.698736 3.670591 3.645453 3.617949 3.522335 3.441669 3.403738 3.365808 3.327877 3.291691 3.194584 3.053541 2.912498 2.771455 2.796357 2.949183 3.276342 3.669964 4.080828 4.491691 4.798998 5.037973 5.148288 5.305974 5.545962 5.785950 6.025937 6.265924 6.389075 6.375359 6.148785 5.922210 5.695635 5.418719 4.978685 4.748400 4.698461 4.602254 4.490280 4.378306 4.290479 4.223100 4.094927 3.932528 3.817786 3.703044 3.588302 3.462247 3.333757 3.205267 3.130985 3.094831 3.025128 2.974108 2.940213 2.906318 2.853041 2.917703 3.131828 3.258328 3.268741 3.336602 3.403826 3.471050
3.644106 3.614476 3.584845 3.555214 3.525774 3.493075 3.455144 3.417214 3.379283 3.341352 3.303421 3.273773 3.145706 3.004663 2.867770 3.017979 3.168188 3.409269 3.780801 4.191664 4.481029 4.753619 4.972585 5.116357 5.352036 5.592023 5.832010 6.071997 6.311984 6.335118 6.334441 6.333764 6.107673 5.757517 5.312550 4.912679 4.608688 4.538563 4.481061 4.369087 4.258719 4.193386 4.128053 4.057987 3.921334 3.758317 3.595300 3.457919 3.329429 3.200939 3.072449 3.029412 2.993258 2.956538 2.904816 2.841684 2.778552 2.715420 2.834414 2.998131 3.180263 3.190923 3.258348 3.325572 3.412443
3.633098 3.603468 3.573837 3.544206 3.516063 3.488345 3.458567 3.428790 3.392758 3.354827 3.316896 3.280391 3.237871 3.096828 3.089392 3.239601 3.389810 3.542192 3.884712 4.163060 4.421484 4.670460 4.900224 5.056646 5.388419 5.638083 5.878070 6.118058 6.281838 6.281161 6.280484 6.270757 6.096315 5.651348 5.206381 4.846674 4.542683 4.378666 4.328727 4.247894 4.161626 4.096293 4.030960 3.964178 3.892874 3.747740 3.584723 3.423313 3.263662 3.104011 2.957250 2.909369 2.861489 2.813609 2.765728 2.704063 2.640931 2.621693 2.762375 2.903058 3.078559 3.112869 3.180093 3.269770 3.348065
3.609047 3.592460 3.562829 3.534264 3.506353 3.465121 3.446508 3.422508 3.392730 3.362953 3.330372 3.292441 3.262473 3.188993 3.311015 3.461224 3.584741 3.698949 3.840374 4.089350 4.338326 4.587302 4.827862 4.984284 5.272591 5.626132 5.924131 6.164118 6.227881 6.217031 6.165330 6.113629 5.990146 5.545179 5.100212 4.780670 4.530112 4.404644 4.279175 4.149368 4.064534 3.999201 3.933868 3.868534 3.799064 3.727761 3.574147 3.412658 3.253007 3.098612 2.949238 2.799864 2.718559 2.670679 2.622799 2.566442 2.503310 2.549654 2.690337 2.831020 2.971703 3.054577 3.104209 3.164459 3.233388
3.583073 3.581452 3.552465 3.524553 3.495794 3.451014 3.423210 3.404596 3.385982 3.356670 3.326893 3.297115 3.261621 3.270249 3.384456 3.498664 3.598990 3.692907 3.800660 4.028631 4.256603 4.504143 4.753119 4.911923 5.156762 5.510304 5.863845 6.163304 6.111603 6.059902 6.008201 5.956500 5.883977 5.439010 5.027237 4.714667 4.566293 4.440620 4.299392 4.160489 4.061446 3.962404 3.863363 3.771442 3.705255 3.633951 3.562648 3.402003 3.249321 3.099947 2.950574 2.801200 2.651826 2.527749 2.479869 2.428821 2.365689 2.477616 2.618299 2.771280 2.892810 3.012899 3.051083 3.106707 3.162331
3.557100 3.570665 3.542754 3.514843 3.482442 3.437661 3.399912 3.381298 3.362685 3.344071 3.320126 3.276447 3.226416 3.272781 3.366697 3.460612 3.558476 3.705510 3.833615 3.992866 4.220837 4.448808 4.676779 4.839561 5.040934 5.361467 5.635918 5.768431 5.802549 5.836666 5.851072 5.799371 5.747670 5.346143 4.966119 4.727943 4.590644 4.449416 4.308188 4.171990 4.072947 3.973904 3.874862 3.775821 3.674302 3.568573 3.492142 3.387684 3.244434 3.101184 2.951909 2.802535 2.653162 2.503788 2.354414 2.289059 2.264895 2.406203 2.536105 2.652781 2.769456 2.894584 3.025478 3.058397 3.109206
3.543036 3.566365 3.535516 3.505132 3.469089 3.441905 3.426852 3.422252 3.418596 3.358337 3.297134 3.245699 3.194134 3.269710 3.351342 3.429504 3.648747 3.795782 3.926386 3.989006 4.185073 4.413044 4.592927 4.735712 4.874274 5.072564 5.339285 5.373403 5.407521 5.441638 5.475756 5.509874 5.543991 5.249275 4.904609 4.740668 4.599440 4.458212 4.316984 4.186391 4.085538 3.985405 3.886362 3.787320 3.674839 3.532819 3.401115 3.337973 3.205248 3.061998 2.918748 2.775533 2.632928 2.490323 2.347718 2.205113 2.179401 2.296077 2.412752 2.529427 2.646103 2.772491 2.909296 3.038058 3.070976
3.554168 3.564066 3.562962 3.573249 3.583536 3.567471 3.540246 3.463787 3.402585 3.341382 3.280180 3.218977 3.187387 3.267654 3.345815 3.423977 3.502138 3.735187 3.960966 3.993441 4.162956 4.320097 4.452987 4.585878 4.729066 4.878873 4.983824 5.001224 5.018624 5.046610 5.080728 5.114845 5.249462 5.069692 4.906205 4.749034 4.605664 4.462294 4.318924 4.205475 4.112906 4.012053 3.900534 3.740504 3.580473 3.430058 3.337389 3.329736 3.224703 3.066342 2.923737 2.781132 2.638527 2.505532 2.409826 2.333271 2.277487 2.188346 2.289399 2.406074 2.522750 2.650398 2.787203 2.924009 3.050638
3.654811 3.669883 3.680170 3.690457 3.700744 3.675149 3.599530 3.514726 3.429826 3.344925 3.263226 3.202023 3.183965 3.262126 3.340288 3.418449 3.496611 3.574773 3.686856 3.818082 4.020943 4.170261 4.303153 4.436044 4.596399 4.782352 4.915378 4.922287 4.934853 4.952254 4.969654 4.987055 5.004456 4.920625 4.813830 4.707035 4.591373 4.455440 4.319508 4.223066 4.140274 3.994741 3.834710 3.674680 3.514649 3.355573 3.341787 3.334135 3.263040 3.102492 2.941943 2.823901 2.728195 2.632489 2.536782 2.554996 2.490501 2.344806 2.263976 2.282721 2.399396 2.528304 2.665110 2.801916 2.946270
3.771334 3.787091 3.797378 3.807666 3.771036 3.706439 3.642068 3.562715 3.478918 3.395121 3.311324 3.227527 3.139497 3.188068 3.256689 3.325310 3.393931 3.462553 3.536613 3.675972 3.873394 4.034938 4.183025 4.326235 4.512188 4.698143 4.848669 4.855578 4.862488 4.872134 4.891700 4.911266 4.940016 4.864749 4.768225 4.661430 4.554634 4.433286 4.297354 4.191527 4.102437 3.935279 3.768885 3.608855 3.448824 3.361193 3.346186 3.338534 3.301377 3.140829 2.990511 2.929163 2.855152 2.759445 2.724701 2.776722 2.703515 2.557820 2.412124 2.339605 2.286325 2.413585 2.596567 2.779549 2.962530
