Tests/Data/MeshGeoToolsLib/Hamburg/00-raster.asc
ncols         297
nrows         204
xllcorner     559440.546880
yllcorner     5928897.096700
cellsize      25.000000
NODATA_value  -9999
[rows 112 to 139 of 204, columns 65 to 129 of 297]
2.942931 2.907836 2.961542 3.015248 3.068954 3.122660 3.191747 3.301035 3.369912 3.314536 3.271192 3.284829 3.299642 3.315794 3.331945 3.322765 3.352435 3.382105 3.468707 3.628899 3.943093 4.184414 4.370426 4.545291 4.683836 4.822012 4.871284 4.891682 4.912081 5.015929 5.281100 5.537437 5.621278 5.687783 5.754288 5.820792 5.705861 5.577929 5.541725 5.606194 5.669260 5.524430 5.108380 4.692324 4.336474 4.155963 3.959599 3.763235 3.703413 3.706724 3.831760 3.956797 3.967964 3.907793 3.824875 3.949901 4.100101 4.217078 4.334055 4.457543 4.584006 4.654482 4.714178 4.786362 4.832848
2.868333 2.843305 2.885788 2.928270 3.054206 3.216275 3.379722 3.543169 3.376999 3.393151 3.409303 3.425454 3.441606 3.457757 3.479514 3.369707 3.239478 3.269148 3.298818 3.418483 3.766557 4.120302 4.306316 4.492328 4.632627 4.770304 4.900830 4.921228 4.941626 5.136885 5.379916 5.707694 5.942788 6.050166 6.116671 6.043591 6.034438 6.098907 6.161693 6.216308 6.270922 6.112982 5.718355 5.304907 4.889677 4.530557 4.334193 4.137829 4.044565 4.132852 4.257889 4.255478 4.195934 4.128118 4.052107 4.018824 4.195744 4.312721 4.431678 4.558141 4.615525 4.649488 4.713431 4.785615 4.828996
2.868479 3.052628 3.293939 3.439373 3.584807 3.730241 3.875675 3.923781 3.725629 3.545887 3.553800 3.567418 3.583570 3.605271 3.632452 3.550498 3.150277 3.156192 3.185861 3.215531 3.590019 4.005912 4.239553 4.428219 4.581223 4.718596 4.855970 4.950774 5.014808 5.257840 5.500871 5.804029 6.134289 6.348140 6.527151 6.591620 6.654127 6.708741 6.763356 6.817970 6.823846 6.635077 6.313924 5.901786 5.502110 5.093737 4.708787 4.512423 4.433943 4.558980 4.542994 4.477368 4.409552 4.341735 4.273919 4.196422 4.283675 4.408364 4.532275 4.576568 4.610531 4.644494 4.712684 4.796964 4.821197
3.062427 3.351201 3.693792 3.935829 4.115407 4.260841 4.406275 4.303017 4.104864 3.912306 3.722054 3.724220 3.732133 3.758210 3.785391 3.731289 3.331067 3.047874 3.146758 3.245643 3.413482 3.845880 4.083380 4.317022 4.529516 4.666889 4.804262 4.941635 5.135764 5.378888 5.622129 5.948488 6.320299 6.692111 6.954512 7.123782 7.255790 7.310404 7.365019 7.419633 7.345940 7.157171 6.909492 6.454387 5.945368 5.564951 5.210086 4.921314 4.817751 4.826618 4.758801 4.690985 4.623169 4.555352 4.487536 4.419719 4.352597 4.503649 4.537612 4.571574 4.619424 4.667519 4.765650 4.849292 4.824977
3.256371 3.592888 4.001466 4.334955 4.576993 4.791442 4.821781 4.682254 4.484099 4.289935 4.099684 3.909432 3.894641 3.911148 3.938330 3.912081 3.511858 3.270480 3.221303 3.310247 3.364494 3.669347 3.927207 4.160478 4.393392 4.615181 4.752554 4.976121 5.261000 5.570208 5.954176 6.338145 6.722113 7.102321 7.368375 7.523153 7.677931 7.832709 7.966681 8.021296 7.868034 7.679265 7.490495 7.006989 6.497975 6.072347 5.759622 5.417172 5.051183 4.972195 4.907666 4.843137 4.778607 4.714078 4.649549 4.585020 4.548826 4.562260 4.614551 4.662647 4.710742 4.758837 4.839191 4.860762 4.836447
3.450315 3.834575 4.243152 4.651730 4.961564 5.119205 5.216953 5.061490 4.863336 4.667564 4.477313 4.287062 4.096810 4.065062 4.091268 4.011015 3.692648 3.537537 3.488360 3.455081 3.426797 3.492811 3.770794 4.003708 4.236622 4.422107 4.700585 4.937093 5.173601 5.870695 6.340815 6.724783 7.108752 7.492720 7.767746 7.922524 8.077302 8.232080 8.386858 8.831527 8.742566 8.653605 8.564643 7.565484 7.050580 6.621880 6.307678 5.826937 5.116330 5.006746 4.958628 4.896457 4.831928 4.767399 4.734821 4.711771 4.643538 4.594985 4.629004 4.701532 4.774060 4.846588 4.896547 4.860533 4.822787
3.814890 4.365283 4.817484 5.269684 5.566439 5.625491 5.705637 5.726778 5.420376 5.056595 4.854942 4.664691 4.474439 4.284188 4.242377 4.056766 3.871155 3.799906 3.727735 3.655563 3.583392 3.511220 3.394604 3.570257 3.745911 4.189047 4.532314 4.768822 5.005331 5.495285 6.355502 7.111421 7.495390 7.879358 8.139000 8.321895 8.476673 8.641798 9.369675 9.940572 9.851612 9.762650 9.636476 8.615468 7.603182 7.171414 6.717446 6.134015 5.280027 5.036247 4.988130 4.940013 4.920816 4.897767 4.874717 4.803414 4.725415 4.639897 4.635613 4.695747 4.768275 4.840803 4.872350 4.844670 4.806924
4.325172 4.886670 5.506950 5.959150 6.261860 6.320912 6.771622 7.116999 6.810597 5.987856 5.391980 5.183892 4.975804 4.767716 4.300254 3.941052 3.805378 3.733206 3.661035 3.588864 3.516692 3.428712 3.131859 3.069715 3.571613 4.098075 4.364043 4.600552 4.837062 5.119875 5.980092 6.840309 7.700526 8.260491 8.495096 8.721265 9.108766 9.836643 10.564520 11.049618 10.960657 10.871694 10.686460 9.665452 8.585828 7.607953 7.127214 6.387518 5.533530 5.065749 5.017632 4.969514 5.060712 5.037662 4.963290 4.885291 4.796548 4.684809 4.680525 4.689961 4.762490 4.803574 4.829041 4.828807 4.791061
4.835454 5.338169 5.993975 6.648616 6.957280 7.355588 7.837606 8.319625 7.880035 6.965027 6.050014 5.727364 5.519276 5.047655 4.513448 3.951773 3.783322 3.712625 3.641928 3.571231 3.500534 3.367513 3.135985 2.897418 3.427853 3.936501 4.275588 4.489004 4.702419 4.915835 5.648757 6.557459 7.466161 8.374864 8.683381 9.135292 10.067880 11.000469 11.759365 12.158664 12.060600 11.793259 11.525919 10.418847 9.308181 8.197504 7.495009 6.641022 5.787034 5.095251 5.047133 5.048434 5.183224 5.123166 5.045166 4.967167 4.862473 4.740719 4.725437 4.721154 4.734799 4.760265 4.785732 4.811198 4.775198
5.348323 5.656494 6.312886 6.969278 7.604863 7.550651 7.792131 8.106735 8.421338 7.942199 7.027188 6.270837 5.795058 5.260856 4.697676 4.095207 3.808502 3.737805 3.667108 3.589846 3.446830 3.303814 3.160798 2.921889 3.255848 3.728925 4.178403 4.491668 4.705083 5.026723 5.545754 6.454455 7.363156 8.271858 8.784212 9.668452 10.601040 11.533629 12.442292 12.671478 12.589845 12.327363 12.060022 11.141205 10.030529 8.783273 7.710711 6.894526 6.040539 5.217636 5.076635 5.136352 5.161374 5.154367 5.127043 5.049043 4.928399 4.806645 4.770349 4.766066 4.767498 4.768962 4.770425 4.771889 4.754958
5.733461 5.891488 6.468380 7.245557 8.207479 8.266292 8.212081 8.157869 8.103658 8.101841 8.004362 6.846757 6.038779 5.443579 4.841110 4.238641 3.833683 3.762986 3.669163 3.526147 3.383131 3.240115 3.097099 2.954083 3.071872 3.521350 3.970827 4.420305 4.707747 5.203055 5.699371 6.351453 7.260153 8.168854 9.269023 10.201612 11.134200 12.013605 12.436942 12.722533 12.640900 12.559267 12.477634 11.444264 9.776040 8.139926 7.551816 6.963706 6.294044 5.443310 5.106137 5.142499 5.135491 5.128484 5.110726 5.088957 4.994324 4.872570 4.815261 4.813928 4.815392 4.816856 4.818320 4.811274 4.780206
5.897881 6.157778 6.671175 7.633097 8.595020 8.981933 8.915196 8.783872 8.652548 8.521224 8.389900 7.376774 6.613147 5.857869 5.102600 4.382076 3.858864 3.748480 3.605464 3.462448 3.319432 3.176416 3.033400 2.886753 2.864300 3.313777 3.763255 4.213882 4.771294 5.317000 5.862706 6.372019 7.219019 8.499734 9.678020 10.734772 11.584918 12.008256 12.431593 12.773588 12.691954 12.434589 12.155821 10.768813 9.100581 7.981031 7.392921 6.804811 6.218191 5.646507 5.125637 5.077157 5.055388 5.033619 5.011851 4.990082 4.968313 4.938495 4.860359 4.861823 4.863287 4.864751 4.861614 4.833797 4.805980
5.920705 6.241958 6.795151 7.716400 8.637650 9.049997 9.082422 8.997106 8.865782 8.734458 8.474440 7.450360 6.736118 6.212587 5.678398 4.923127 4.001778 3.670151 3.541764 3.398747 3.255731 3.112715 2.956411 2.792943 2.781413 3.106207 3.598753 4.167503 4.715806 5.261511 5.807216 6.352922 7.503648 8.914581 10.074094 10.774791 11.252552 11.692503 12.132454 12.470142 12.320155 12.058882 11.761597 10.093364 8.605564 7.940640 7.368956 6.797272 6.225588 5.546916 5.205271 5.115925 5.086082 5.056643 5.027204 4.997765 4.968326 4.938887 4.886466 4.876069 4.872026 4.867984 4.854407 4.839963 4.825519
5.990030 6.344033 6.723106 7.644356 8.565606 8.896372 8.928797 8.961221 8.993646 8.947692 8.548027 7.523943 6.766516 6.242985 5.719454 5.046152 4.322046 3.554163 3.426314 3.298465 3.153742 3.004299 2.854857 2.699132 2.732977 2.980528 3.548349 4.115137 4.660788 5.206439 5.752090 6.297559 7.387601 8.835512 9.606210 10.109605 10.613000 11.056744 11.496695 11.734935 11.584949 11.434962 11.176956 9.781868 8.519723 7.948039 7.376355 6.726084 5.995556 5.322070 5.351562 5.226695 5.153243 5.123804 5.094365 5.064926 5.035487 5.026230 4.953241 4.872476 4.868433 4.857411 4.842968 4.828524 4.814081
6.156124 6.446108 6.800112 7.572311 8.493561 8.742746 8.775171 8.807596 8.840021 8.872446 8.672277 7.597527 6.796913 6.212974 5.506590 4.800205 4.093820 3.500394 3.259166 3.109723 2.960281 2.823025 2.739133 2.655240 2.750690 2.983271 3.492194 4.060011 4.606361 5.152012 5.697664 6.226383 6.899217 8.347128 8.922318 9.444420 9.947815 10.420985 10.860937 10.999729 10.849742 10.622097 10.246545 9.481610 8.527122 7.905251 7.174724 6.446425 5.751904 5.460257 5.494979 5.378157 5.248120 5.190965 5.161526 5.132087 5.107928 5.111973 5.013828 4.910132 4.860416 4.845973 4.831529 4.817086 4.802642
6.466222 6.555953 6.902187 7.500267 8.421517 8.589121 8.621546 8.653971 8.690277 8.750217 8.810157 7.793123 6.830670 6.034688 5.260644 4.554259 3.946792 3.549183 3.196892 2.980754 2.891498 2.807605 2.723712 2.639820 2.825451 3.058033 3.436038 4.003853 4.551935 5.097586 5.626566 6.155207 6.683848 7.685608 8.227940 8.770271 9.282629 9.785227 10.225178 10.264522 10.067237 9.691686 9.316133 8.960637 8.355894 7.623364 6.899810 6.205290 5.632444 5.598444 5.638396 5.521575 5.404753 5.269544 5.228686 5.199247 5.191961 5.105928 5.010821 4.912985 4.875938 4.838890 4.820091 4.805647 4.839653
6.776320 6.866050 7.004262 7.428223 8.349469 8.435496 8.467920 8.508881 8.568821 8.628761 8.688701 8.047872 7.221309 6.425328 5.573326 4.692980 4.035913 3.610813 3.200362 2.986361 2.883091 2.792184 2.650386 2.592594 2.835320 3.078048 3.361539 3.947695 4.497508 5.026748 5.555390 6.084031 6.612672 6.991231 7.533563 8.075896 8.617438 9.120839 9.589419 9.512377 9.136826 8.761274 8.518954 8.357676 8.110482 7.376007 6.658676 5.977815 5.640657 5.736631 5.781814 5.664992 5.548170 5.431348 5.304166 5.271950 5.185916 5.099882 5.007815 4.946156 4.909108 4.872061 4.835014 4.797966 4.888241
6.921342 7.176148 7.265878 7.460341 8.249445 8.281870 8.327485 8.387425 8.447365 8.507305 8.567244 8.370519 7.490173 6.609826 5.729480 4.849134 4.157486 3.732386 3.307287 2.932126 2.826992 2.710746 2.555169 2.586324 2.829050 3.071776 3.314504 3.868205 4.426930 4.955570 5.484211 6.002476 6.496331 6.776088 6.951021 7.381518 7.923849 8.455648 8.944095 8.581967 8.238550 8.077271 7.915993 7.754714 7.593436 7.130595 6.417541 5.986029 5.765077 5.874818 5.853873 5.721348 5.588823 5.458033 5.330166 5.265904 5.179871 5.093837 5.016374 4.979327 4.942279 4.905232 4.868185 4.831066 4.962869
6.737557 7.089491 7.441425 7.665706 8.095820 8.146088 8.206028 8.310389 8.514935 8.719482 8.897518 8.435500 7.646327 6.765981 5.885634 5.005291 4.279058 3.853959 3.320107 2.845389 2.740254 2.620255 2.485984 2.636879 2.866900 3.096921 3.326942 3.760336 4.316175 4.877453 5.383507 5.877362 6.371216 6.571996 6.746930 6.921863 7.229474 7.771801 7.980547 7.796867 7.635588 7.474310 7.313031 7.151753 6.990474 6.829196 6.331400 5.994242 5.903264 5.880775 5.748251 5.623723 5.515581 5.421716 5.254446 5.206413 5.211626 5.130163 5.046920 5.011845 4.975451 4.938385 4.901242 4.864099 5.030389
6.667706 7.000665 7.333624 7.661297 7.952708 8.254798 8.534870 8.739417 8.943964 9.148511 8.852610 8.390592 7.802481 6.922135 6.041789 5.161447 4.400631 3.921740 3.332017 2.758652 2.653517 2.532901 2.624657 2.768845 2.998866 3.228887 3.566103 4.043746 4.587432 5.052227 5.517031 5.977591 6.411484 6.573406 6.735327 6.897248 6.917087 6.999348 7.085440 7.028753 6.972066 6.886151 6.777758 6.669365 6.560971 6.452578 6.286034 6.002456 5.907678 5.794497 5.682783 5.573130 5.479264 5.385399 5.178724 5.128933 5.135535 5.139913 5.083925 5.041828 5.007170 4.971418 4.934275 4.897131 5.097909
6.664859 6.984486 7.304114 7.600135 7.774414 8.073715 8.376838 8.675779 8.974720 9.157934 8.807702 8.345684 7.883665 7.078289 6.197943 5.317603 4.522204 3.933650 3.343926 2.754194 2.572468 2.676660 2.768416 2.900812 3.130833 3.441656 3.873086 4.289734 4.754528 5.219326 5.684130 6.148934 6.552983 6.551929 6.522183 6.611992 6.701800 6.779208 6.820066 6.614130 6.559891 6.505651 6.451412 6.397173 6.334839 6.226446 6.061305 5.930386 5.853557 5.741842 5.630678 5.536813 5.442947 5.342662 5.103003 5.051452 5.059386 5.063822 5.072428 5.072526 5.038093 5.003660 4.967307 4.935739 5.165429
6.627303 6.946930 7.238979 7.497896 7.637562 7.884631 8.194721 8.498879 8.797820 8.867022 8.565633 8.264245 7.838757 7.234443 6.354099 5.478860 4.696529 3.945561 3.355835 2.772348 2.728663 2.820419 2.912175 3.032778 3.317210 3.748639 4.180066 4.470078 4.921625 5.386424 5.851228 6.282946 6.346416 6.306432 6.306898 6.396706 6.482088 6.550711 6.586671 6.345467 6.156064 6.101825 6.047586 5.993347 5.939108 6.048073 5.930005 5.821553 5.745232 5.658302 5.549480 5.436043 5.321460 5.206876 5.027281 4.973971 4.981877 5.008066 5.028591 5.040144 5.047386 5.034583 5.000149 5.003259 5.232949
6.589747 6.877823 7.156420 7.361045 7.500710 7.695548 8.005637 8.315726 8.620920 8.576109 8.274721 7.973333 7.671944 7.331830 6.534759 5.752428 4.890783 4.032711 3.481213 2.972886 3.007292 3.047604 3.096565 3.192763 3.624190 4.055617 4.426380 4.686151 5.088721 5.553523 5.981877 6.073675 6.136642 6.096657 6.091612 6.181420 6.253591 6.322214 6.353277 6.112072 5.870868 5.697998 5.643759 5.777493 5.928038 5.950048 5.806226 5.686391 5.567119 5.447847 5.329475 5.226638 5.123802 5.020965 4.918129 4.896376 4.905639 4.936659 4.967679 4.989721 5.001388 5.011445 5.018687 5.063081 5.237234
6.516667 6.795264 7.073861 7.224193 7.363859 7.506462 7.816553 8.126643 8.395736 8.227747 7.916637 7.605528 7.294419 6.983309 6.144703 5.428785 4.818866 4.237554 3.729223 3.229580 3.353982 3.391314 3.432793 3.585003 3.931169 4.362596 4.642453 4.902224 5.255818 5.680808 5.772606 5.864403 5.926867 5.886882 5.876326 5.956471 6.025094 6.093717 6.119883 5.883792 5.656821 5.458828 5.605913 5.808003 5.958548 5.829849 5.686027 5.475936 5.356664 5.237392 5.118120 5.006633 4.903797 4.800960 4.711413 4.705538 4.782096 4.865252 4.896272 4.925343 4.937011 4.948679 4.956387 5.012967 5.219382
6.556861 6.828806 7.046400 7.151654 7.256908 7.366673 7.584414 7.779228 7.898834 7.780772 7.469663 7.158553 6.847444 6.509252 5.872364 5.509861 4.995104 4.485566 3.977234 3.571008 3.695409 3.743584 3.809076 4.001628 4.238148 4.598755 4.858526 5.118297 5.379739 5.471536 5.563334 5.661714 5.721552 5.677107 5.659351 5.721256 5.777360 5.833464 5.889569 5.716548 5.489577 5.365881 5.355789 5.608583 5.814209 5.709649 5.565828 5.265481 5.146209 5.026937 4.907665 4.788393 4.683792 4.586723 4.512072 4.483192 4.588388 4.704176 4.819964 4.855886 4.872633 4.878906 4.858236 4.952223 5.176655
6.597647 6.869592 7.019780 7.125034 7.235515 7.361662 7.461616 7.499881 7.354722 7.258899 7.022688 6.711579 6.400469 5.922544 5.578191 5.274655 4.998347 4.705589 4.225245 3.912436 4.036836 4.124897 4.310101 4.458104 4.573488 4.792823 5.045669 5.298514 5.412839 5.513461 5.614082 5.714703 5.670199 5.614118 5.498279 5.441652 5.497756 5.553861 5.609965 5.549304 5.358436 5.272933 5.187431 5.358459 5.550899 5.589450 5.431858 5.122079 4.935754 4.816481 4.697210 4.577938 4.463787 4.387381 4.313467 4.278891 4.394679 4.510467 4.626255 4.742044 4.801425 4.780755 4.760086 4.866363 5.117637
6.665681 6.887906 6.995310 7.121456 7.247603 7.373750 7.499897 7.471543 7.075536 6.714787 6.575714 6.264605 5.953495 5.711116 5.434810 5.158501 4.882193 4.605884 4.304689 4.198414 4.302939 4.412369 4.497339 4.616314 4.758287 4.956790 5.214703 5.371501 5.478208 5.584916 5.691623 5.666448 5.618005 5.562324 5.398698 5.235073 5.218154 5.274258 5.330362 5.382059 5.265489 5.179986 5.094483 5.108335 5.287588 5.330630 5.293174 4.983395 4.725298 4.606026 4.486754 4.369213 4.288440 4.218767 4.149094 4.106330 4.200970 4.316758 4.432546 4.549098 4.670519 4.682605 4.661935 4.780503 5.058618
6.825952 6.881251 7.007398 7.133544 7.259691 7.385838 7.499327 7.316237 6.916886 6.517535 6.121236 5.928787 5.843964 5.594964 5.318655 5.042347 4.766039 4.489730 4.233763 4.370338 4.512910 4.617828 4.715513 4.801113 4.943086 5.119908 5.377821 5.508741 5.615448 5.722155 5.708530 5.635707 5.565400 5.462742 5.261127 5.021871 4.782615 4.803959 4.862640 4.938288 5.047090 5.087039 5.001536 4.916033 5.024278 5.053344 4.938244 4.823145 4.534933 4.395571 4.286706 4.199848 4.124067 4.054394 3.984721 3.936964 4.022122 4.123049 4.239086 4.360507 4.481927 4.584454 4.563784 4.694643 4.992739
