Tests/Data/MeshGeoToolsLib/Hamburg/layer04.asc
ncols         31
nrows         22
xllcorner     559328.046880
yllcorner     5928784.596700
cellsize      250.000000
NODATA_value  -9999
-9999 -9999 -9999 26.895249 28.406324 28.066619 18.472416 8.127696 6.143145 9.320178 11.376940 10.012142 10.040367 5.219558 -1.100021 -2.565916 -0.776278 3.753560 5.483654 4.904663 3.049230 1.351687 -1.532601 -8.784401 -13.743341 -14.346511 -14.608389 -14.634644 -15.001549 -14.880803 -14.436890 
-9999 -9999 -9999 27.543252 28.782638 27.090124 21.510210 8.984298 5.942652 9.815232 15.473474 9.189259 6.114100 1.804231 -2.975454 -5.452519 -4.145552 9.240876 6.492296 5.553138 4.079171 -0.248184 -2.880335 -12.622516 -16.492130 -16.752196 -16.003590 -17.122643 -18.189086 -17.174306 -16.282439 
-9999 -9999 10.932058 29.072971 34.092489 23.090766 26.998300 8.416910 17.184916 23.066108 15.188417 5.602565 1.984530 -3.228612 -6.862450 -7.628251 -6.655077 1.535556 -0.162480 2.805542 12.025092 -7.374262 -11.445673 -19.926431 -21.462271 -21.753294 -21.561298 -22.978319 -22.837856 -15.775445 -18.687256 
-9999 -9999 -0.221720 1.301703 6.475477 16.216287 1.162989 -6.141730 -6.351208 -0.189217 -1.652621 -2.422652 -8.404507 -5.954284 -6.459565 -10.555459 -17.915459 -18.773450 -19.286577 -20.980909 -23.609679 -25.507763 -23.546853 -23.753061 -19.468448 -20.166676 -23.703128 -23.753655 -23.250039 -20.264561 -20.380721 
-9999 -17.740709 -14.116273 -15.612822 -19.111398 -19.630363 -19.948590 -17.015342 -21.267125 -24.182580 -23.736254 -15.896407 -9.733605 -18.338798 -20.998891 -22.708055 -23.889850 -24.414939 -24.588955 -25.260872 -24.806210 -25.680984 -25.568731 -23.552384 -21.394449 -21.579265 -23.086366 -23.729528 -24.200679 -22.255340 -22.168584 
-9999 -21.261329 -19.373966 -22.004416 -24.360799 -26.790948 -26.725157 -25.287780 -25.125077 -26.366130 -26.155905 -14.827122 -20.229123 -26.441828 -28.878243 -27.225406 -24.593655 -23.426391 -23.308502 -23.624989 -23.255170 -24.879450 -24.953297 -23.852392 -22.599580 -23.087596 -23.140327 -22.825941 -24.602493 -23.516939 -23.269858 
-25.407139 -25.014898 -27.020176 -29.082971 -26.758351 -26.129162 -25.084978 -25.768930 -25.890439 -27.437012 -28.558641 -26.565807 -25.424029 -26.512532 -27.361294 -26.108735 -22.464798 -22.999938 -22.571369 -23.193445 -22.427730 -23.765194 -23.065380 -23.081240 -22.272835 -23.107913 -22.803013 -23.093775 -24.530005 -24.634042 -23.597018 
-26.722459 -26.876244 -29.837148 -28.971638 -26.541433 -25.720725 -25.024598 -24.494124 -24.926629 -26.076794 -25.332625 -22.750472 -20.533283 -22.083689 -24.369400 -23.656436 -22.481358 -23.537520 -22.430304 -22.365021 -22.893229 -23.286548 -20.769007 -21.077164 -21.831539 -21.957346 -21.458915 -22.426655 -23.362720 -22.072852 -23.476568 
-26.363738 -26.973113 -27.808369 -29.205211 -27.577593 -24.451411 -23.905684 -23.815161 -23.550268 -23.206057 -21.385252 -19.824070 -19.244282 -21.281179 -24.090506 -23.274913 -21.698229 -22.052839 -22.804763 -22.465972 -22.809117 -21.885813 -20.280716 -21.171198 -22.526378 -23.007811 -21.679368 -21.728221 -22.687740 -21.844148 -9999 
-24.689697 -22.952609 -24.735906 -27.381287 -24.997589 -23.192347 -22.851590 -23.806187 -24.402275 -23.110350 -20.668501 -21.741186 -22.106356 -24.859657 -23.726903 -22.205146 -20.522342 -20.076802 -18.451299 -20.527850 -21.678283 -23.234496 -20.657873 -21.847593 -22.380495 -21.489632 -21.165507 -21.736137 -22.308473 -9999 -9999 
-9999 -22.362261 -23.820937 -21.445347 -22.465808 -22.809506 -24.584573 -24.794831 -24.492945 -22.796358 -23.286228 -25.156958 -26.733431 -25.244424 -24.805768 -24.926546 -23.993914 -23.096984 -20.274486 -17.514807 -21.044161 -22.061713 -20.943683 -22.070798 -22.370646 -22.007017 -21.356681 -9999 -9999 -9999 -9999 
-9999 -21.794384 -22.433404 -21.705851 -23.369574 -24.039314 -25.601108 -24.963754 -24.744674 -23.085548 -21.905281 -23.577806 -24.447253 -24.308858 -25.269100 -25.224235 -25.518412 -25.223859 -22.672865 -21.586234 -21.242310 -20.712384 -21.084559 -21.519174 -21.014712 -21.421902 -9999 -9999 -9999 -9999 -9999 
-9999 -22.393824 -22.395186 -21.702842 -23.120517 -25.198688 -24.643506 -18.383982 -26.243369 -26.937951 -18.382698 -19.908024 -24.143492 -24.009177 -24.165571 -24.378456 -24.842567 -26.025057 -24.063475 -22.558945 -22.410120 -21.231191 -20.635315 -20.923486 -20.523365 -9999 -9999 -9999 -9999 -9999 -9999 
-9999 -22.572974 -22.335128 -22.441537 -23.995242 -23.919397 -22.004284 -17.475414 -24.481236 -28.338786 -20.924565 -20.993830 -24.199734 -24.202027 -21.114650 -18.364943 -23.832761 -23.854586 -24.113376 -22.441847 -21.498596 -22.198135 -20.672343 -9999 -9999 -9999 -9999 -9999 -9999 -9999 -9999 
-9999 -22.355875 -21.166331 -21.183686 -22.931734 -21.714757 -19.933793 -19.622586 -24.246450 -26.546832 -26.832545 -24.609400 -25.618321 -24.390700 -16.989273 -19.423067 -23.544361 -21.858643 -23.619029 -22.131955 -20.726720 -21.512294 -9999 -9999 -9999 -9999 -9999 -9999 -9999 -9999 -9999 
-9999 -9999 -24.141644 -23.467660 -22.005229 -20.162603 -20.895944 -21.672077 -25.336691 -27.942851 -28.401465 -27.688883 -28.567039 -27.222372 -26.708149 -26.680171 -28.050491 -25.574801 -23.838404 -22.787746 -9999 -9999 -9999 -9999 -9999 -9999 -9999 -9999 -9999 -9999 -9999 
-9999 -9999 -23.644795 -22.926764 -18.481377 -19.377801 -20.100531 -21.934857 -24.039027 -25.146295 -24.938599 -26.571910 -25.713543 -25.537932 -24.220599 -24.120079 -25.425004 -25.113274 -25.531900 -9999 -9999 -9999 -9999 -9999 -9999 -9999 -9999 -9999 -9999 -9999 -9999 
-9999 -9999 -18.058855 -18.450565 -18.742401 -18.453768 -20.045605 -23.078228 -23.644310 -22.326443 -22.158046 -21.826324 -21.081227 -20.845912 -18.886364 -20.059689 -22.495386 -22.911596 -9999 -9999 -9999 -9999 -9999 -9999 -9999 -9999 -9999 -9999 -9999 -9999 -9999 
-9999 -9999 -15.997768 -16.310740 -19.016060 -18.807218 -20.436784 -22.868593 -22.992560 -22.071597 -20.913851 -20.058332 -18.123888 -16.857975 -14.628866 -17.345018 -9999 -9999 -9999 -9999 -9999 -9999 -9999 -9999 -9999 -9999 -9999 -9999 -9999 -9999 -9999 
-9999 -9999 -15.420029 -14.890621 -16.703524 -17.853852 -19.766314 -20.134005 -20.338181 -20.361235 -19.272934 -15.939549 -20.027187 -16.712120 -15.672378 -9999 -9999 -9999 -9999 -9999 -9999 -9999 -9999 -9999 -9999 -9999 -9999 -9999 -9999 -9999 -9999 
-9999 -9999 -9999 -16.495315 -17.921837 -18.060379 -18.820221 -18.654675 -18.741483 -18.454280 -17.964282 -18.106652 -20.251335 -9999 -9999 -9999 -9999 -9999 -9999 -9999 -9999 -9999 -9999 -9999 -9999 -9999 -9999 -9999 -9999 -9999 -9999 
-9999 -9999 -9999 -9999 -9999 -9999 -9999 -9999 -9999 -9999 -9999 -9999 -9999 -9999 -9999 -9999 -9999 -9999 -9999 -9999 -9999 -9999 -9999 -9999 -9999 -9999 -9999 -9999 -9999 -9999 -9999 
