Tests/Data/MeshGeoToolsLib/Hamburg/layer17.asc
ncols         31
nrows         22
xllcorner     559328.046880
yllcorner     5928784.596700
cellsize      250.000000
NODATA_value  -9999
-9999 -9999 -9999 -294.751462 -296.241502 -299.147362 -302.489101 -306.685638 -311.684200 -316.523481 -319.514623 -320.156667 -320.485062 -320.591694 -319.964918 -319.665925 -321.030802 -323.280354 -324.530726 -325.252690 -324.909810 -322.970925 -319.226833 -313.464964 -305.945963 -297.330087 -289.715064 -284.312783 -278.895371 -271.301902 -266.852458 
-9999 -9999 -9999 -302.655697 -305.446664 -306.276793 -309.227040 -312.350418 -317.763907 -322.722928 -321.473619 -323.118021 -322.452431 -324.619352 -323.209658 -322.718804 -323.775778 -324.870146 -325.912340 -326.181925 -325.098339 -322.578646 -319.529959 -313.748987 -306.881205 -296.690316 -289.254193 -283.427790 -278.200837 -272.280854 -267.713061 
-9999 -9999 -334.292908 -323.876886 -319.313720 -322.713040 -322.012747 -325.096005 -330.493826 -332.427789 -332.731399 -330.978994 -331.337042 -330.675746 -329.885563 -328.685922 -328.310736 -328.920339 -329.293424 -327.296280 -326.216388 -322.907848 -318.111984 -311.776110 -304.933118 -294.019637 -287.080515 -281.975030 -277.766075 -271.592033 -267.944436 
-9999 -9999 -341.990359 -331.709290 -338.036537 -333.758999 -338.625126 -341.531929 -342.322095 -344.043552 -342.181675 -340.334507 -340.118754 -340.838232 -337.653769 -335.970056 -335.686535 -335.706737 -332.730287 -330.663399 -327.368063 -323.832765 -315.388024 -308.903669 -301.189877 -292.955340 -284.098617 -278.284442 -274.139637 -268.955098 -265.132912 
-9999 -365.824927 -358.361319 -354.619291 -355.959040 -355.472009 -359.369303 -350.731994 -359.316303 -358.831527 -350.384113 -350.599101 -349.526088 -348.139765 -346.456779 -342.248011 -343.723414 -341.107030 -337.992468 -333.024907 -329.254984 -324.052685 -318.829835 -310.105426 -302.487473 -291.518860 -283.435488 -275.807801 -267.635077 -264.718589 -261.522076 
-9999 -373.203508 -373.355614 -372.743069 -376.064663 -374.042450 -371.267916 -374.163077 -373.380716 -369.673068 -364.825540 -360.983030 -359.483234 -356.489144 -354.069813 -351.455378 -349.225770 -345.696214 -341.198812 -335.901709 -331.854737 -325.336673 -319.131853 -311.159346 -303.156655 -293.344476 -284.190961 -274.072681 -264.179449 -259.764345 -258.777288 
-383.580620 -386.002721 -389.373784 -387.636227 -389.069634 -388.712073 -387.913579 -383.881430 -382.175041 -378.483122 -374.104722 -369.978918 -367.227144 -364.826915 -360.733955 -355.813590 -352.568845 -348.891747 -344.185157 -338.978270 -332.753339 -327.503957 -320.949410 -313.690101 -303.879072 -294.279712 -282.704259 -273.452294 -265.011812 -259.111915 -257.953425 
-383.127466 -388.736318 -393.175640 -392.906103 -392.507875 -390.905947 -388.954107 -385.809375 -383.488959 -380.610654 -375.378479 -371.822768 -368.296306 -366.223339 -362.526896 -357.918011 -353.207895 -349.210029 -344.733290 -340.026570 -333.620391 -328.604570 -323.280383 -314.642889 -303.662640 -290.463111 -280.844453 -273.540420 -265.030753 -260.883606 -258.445810 
-383.726973 -387.418957 -390.405409 -390.355578 -389.021438 -386.281536 -383.521193 -380.414098 -378.069463 -375.876614 -373.693877 -369.048386 -366.226791 -363.243855 -358.728611 -356.175320 -351.513251 -347.506355 -343.156576 -339.381817 -330.516944 -325.523847 -321.602654 -312.413371 -301.391726 -290.935923 -280.195327 -272.602989 -265.786686 -263.570079 -9999 
-384.779635 -387.327327 -388.631300 -387.649359 -384.408271 -382.078115 -378.492479 -375.683350 -373.631393 -372.943436 -371.046798 -368.317614 -364.651099 -359.818519 -355.607379 -351.761028 -348.271543 -344.251554 -340.880814 -334.382056 -328.287757 -322.804236 -317.296087 -309.624079 -299.707575 -286.609913 -276.682378 -269.198556 -268.293620 -9999 -9999 
-9999 -390.581055 -390.328873 -387.875596 -383.837988 -380.239799 -376.857434 -375.215301 -374.552391 -373.589774 -372.809963 -369.427561 -364.245618 -359.175466 -353.582941 -347.623668 -343.660147 -339.466316 -334.482045 -327.071775 -323.523296 -318.980634 -314.549484 -305.406290 -296.001200 -280.440635 -279.296046 -9999 -9999 -9999 -9999 
-9999 -396.861743 -393.962885 -389.189317 -385.868969 -381.980910 -378.877743 -377.787001 -377.265838 -376.347291 -376.474840 -372.920873 -367.558062 -361.007386 -353.121896 -346.315674 -341.548602 -335.438713 -327.946104 -323.890175 -319.875219 -315.983854 -311.816694 -303.228167 -293.196427 -284.808942 -9999 -9999 -9999 -9999 -9999 
-9999 -400.625912 -400.224671 -396.046937 -392.198550 -386.583638 -381.362208 -379.176818 -379.066975 -379.449208 -377.431986 -374.637030 -370.052110 -362.943520 -355.396208 -344.520423 -339.710982 -331.916282 -327.259672 -321.720762 -317.330521 -314.163785 -307.755561 -301.774135 -296.853497 -9999 -9999 -9999 -9999 -9999 -9999 
-9999 -406.602673 -405.368346 -401.794482 -397.991168 -392.980727 -386.556980 -380.988721 -379.442616 -379.045102 -377.177241 -374.080930 -370.436055 -365.888388 -353.315690 -344.886538 -339.660830 -331.611117 -325.877986 -319.575949 -315.018363 -309.161023 -308.834459 -9999 -9999 -9999 -9999 -9999 -9999 -9999 -9999 
-9999 -408.615930 -408.165323 -404.858211 -401.204122 -394.935849 -390.251012 -383.949307 -380.607440 -378.945180 -376.993075 -373.582264 -370.560933 -365.021779 -356.332154 -347.008347 -340.518121 -331.941432 -323.960802 -319.250326 -312.660645 -311.213805 -9999 -9999 -9999 -9999 -9999 -9999 -9999 -9999 -9999 
-9999 -9999 -406.502283 -404.096641 -400.889790 -395.960262 -390.300377 -386.730244 -383.089011 -379.978415 -377.975038 -374.085716 -369.474077 -364.050232 -356.132239 -348.194765 -339.283505 -329.719736 -319.057311 -319.971360 -9999 -9999 -9999 -9999 -9999 -9999 -9999 -9999 -9999 -9999 -9999 
-9999 -9999 -405.071320 -402.766081 -399.817364 -396.680092 -392.716423 -388.318470 -384.239209 -381.588569 -377.448240 -373.808301 -367.250664 -360.707285 -354.221070 -347.785021 -336.632142 -327.527347 -323.061412 -9999 -9999 -9999 -9999 -9999 -9999 -9999 -9999 -9999 -9999 -9999 -9999 
-9999 -9999 -402.323001 -401.130339 -398.929768 -395.160385 -392.248106 -388.197627 -385.339759 -382.277578 -376.050494 -369.693368 -361.216879 -354.846658 -349.291162 -345.155768 -336.990138 -332.263962 -9999 -9999 -9999 -9999 -9999 -9999 -9999 -9999 -9999 -9999 -9999 -9999 -9999 
-9999 -9999 -399.673762 -398.875242 -396.568807 -392.943453 -390.722718 -387.985115 -384.455081 -380.817304 -373.904833 -366.470505 -356.225951 -349.226719 -338.977417 -342.808434 -9999 -9999 -9999 -9999 -9999 -9999 -9999 -9999 -9999 -9999 -9999 -9999 -9999 -9999 -9999 
-9999 -9999 -398.022298 -395.490969 -392.129103 -390.074005 -387.993640 -385.796037 -382.341230 -378.012924 -370.705076 -362.036616 -352.691381 -343.067785 -341.240691 -9999 -9999 -9999 -9999 -9999 -9999 -9999 -9999 -9999 -9999 -9999 -9999 -9999 -9999 -9999 -9999 
-9999 -9999 -9999 -391.365599 -387.473902 -385.105322 -384.259962 -382.898708 -378.915315 -373.251659 -364.533606 -358.012313 -357.461659 -9999 -9999 -9999 -9999 -9999 -9999 -9999 -9999 -9999 -9999 -9999 -9999 -9999 -9999 -9999 -9999 -9999 -9999 
-9999 -9999 -9999 -9999 -9999 -9999 -9999 -9999 -9999 -9999 -9999 -9999 -9999 -9999 -9999 -9999 -9999 -9999 -9999 -9999 -9999 -9999 -9999 -9999 -9999 -9999 -9999 -9999 -9999 -9999 -9999 
