Tests/Data/MeshGeoToolsLib/Hamburg/output0.asc
ncols 31
nrows 22
xllcorner 559328
yllcorner 5.92878e+06
cellsize 250
NODATA_value -9999
-9999 -9999 -9999 -133.928 -133.918 -135.54 -142.008 -149.279 -152.771 -153.602 -154.069 -155.072 -155.222 -157.686 -160.532 -161.116 -160.904 -159.763 -159.524 -160.174 -160.93 -160.81 -160.38 -161.125 -159.845 -155.838 -152.162 -149.474 -146.948 -143.091 -140.645 
-9999 -9999 -9999 -137.556 -138.332 -139.593 -143.858 -151.683 -155.911 -156.454 -153 -156.964 -158.169 -161.408 -163.093 -164.086 -163.961 -157.815 -159.71 -160.314 -160.51 -161.413 -161.205 -163.186 -161.687 -156.721 -152.629 -150.275 -148.195 -144.728 -141.998 
-9999 -9999 -161.68 -147.402 -142.611 -149.811 -147.507 -158.34 -156.654 -154.681 -158.771 -162.688 -164.676 -166.952 -168.374 -168.157 -167.483 -163.692 -164.728 -162.245 -157.096 -165.141 -164.779 -165.851 -163.198 -157.886 -154.321 -152.477 -150.302 -143.684 -143.316 
-9999 -9999 -171.106 -165.204 -165.781 -158.771 -168.731 -173.837 -174.337 -172.116 -171.917 -171.379 -174.262 -173.396 -172.057 -173.263 -176.801 -177.24 -176.008 -175.822 -175.489 -174.67 -169.467 -166.328 -160.329 -156.561 -153.901 -151.019 -148.695 -144.61 -142.757 
-9999 -191.783 -186.239 -185.116 -187.535 -187.551 -189.659 -183.874 -190.292 -191.507 -187.06 -183.248 -179.63 -183.239 -183.728 -182.478 -183.807 -182.761 -181.291 -179.143 -177.031 -174.867 -172.199 -166.829 -161.941 -156.549 -153.261 -149.769 -145.918 -143.487 -141.845 
-9999 -197.232 -196.365 -197.374 -200.213 -200.417 -198.997 -199.725 -199.253 -198.02 -195.491 -187.905 -189.856 -191.465 -191.474 -189.34 -186.91 -184.561 -182.254 -179.763 -177.555 -175.108 -172.043 -167.506 -162.878 -158.216 -153.666 -148.449 -144.391 -141.641 -141.024 
-204.494 -205.509 -208.197 -208.36 -207.914 -207.421 -206.499 -204.825 -204.033 -202.96 -201.332 -198.272 -196.326 -195.67 -194.048 -190.961 -187.517 -185.946 -183.378 -181.086 -177.591 -175.635 -172.007 -168.386 -163.076 -158.694 -152.754 -148.273 -144.771 -141.873 -140.775 
-204.925 -207.806 -211.506 -210.939 -209.525 -208.313 -206.989 -205.152 -204.208 -203.344 -200.356 -197.287 -194.415 -194.154 -193.448 -190.787 -187.845 -186.374 -183.582 -181.196 -178.257 -175.946 -172.025 -167.86 -162.747 -156.21 -151.152 -147.984 -144.197 -141.478 -140.961 
-205.045 -207.196 -209.107 -209.78 -208.3 -205.366 -203.713 -202.115 -200.81 -199.541 -197.54 -194.436 -192.736 -192.263 -191.41 -189.725 -186.606 -184.78 -182.981 -180.924 -176.663 -173.705 -170.942 -166.792 -161.959 -156.972 -150.937 -147.166 -144.237 -142.707 -9999 
-204.735 -205.14 -206.684 -207.515 -204.703 -202.635 -200.672 -199.745 -199.017 -198.027 -195.858 -195.029 -193.379 -192.339 -189.667 -186.983 -184.397 -182.164 -179.666 -177.455 -174.983 -173.019 -168.977 -165.736 -161.044 -154.05 -148.924 -145.467 -145.301 -9999 -9999 
-9999 -206.472 -207.075 -204.66 -203.152 -201.525 -200.721 -200.005 -199.523 -198.193 -198.048 -197.292 -195.49 -192.21 -189.194 -186.275 -183.827 -181.282 -177.378 -172.293 -172.284 -170.521 -167.747 -163.739 -159.186 -151.224 -150.326 -9999 -9999 -9999 -9999 
-9999 -209.328 -208.198 -205.448 -204.619 -203.01 -202.239 -201.375 -201.005 -199.716 -199.19 -198.249 -196.003 -192.658 -189.195 -185.77 -183.534 -180.331 -175.309 -172.738 -170.559 -168.348 -166.451 -162.374 -157.106 -153.115 -9999 -9999 -9999 -9999 -9999 
-9999 -211.51 -211.31 -208.875 -207.66 -205.891 -203.003 -198.78 -202.655 -203.194 -197.907 -197.273 -197.098 -193.476 -189.781 -184.449 -182.277 -178.971 -175.662 -172.14 -169.87 -167.697 -164.195 -161.349 -158.688 -9999 -9999 -9999 -9999 -9999 -9999 
-9999 -214.588 -213.852 -212.118 -210.993 -208.45 -204.281 -199.232 -201.962 -203.692 -199.051 -197.537 -197.318 -195.045 -187.215 -181.626 -181.747 -177.733 -174.996 -171.009 -168.258 -165.68 -164.753 -9999 -9999 -9999 -9999 -9999 -9999 -9999 -9999 
-9999 -215.486 -214.666 -213.021 -212.068 -208.325 -205.092 -201.786 -202.427 -202.746 -201.913 -199.096 -198.09 -194.706 -186.661 -183.216 -182.031 -176.9 -173.79 -170.691 -166.694 -166.363 -9999 -9999 -9999 -9999 -9999 -9999 -9999 -9999 -9999 
-9999 -9999 -215.322 -213.782 -211.448 -208.061 -205.598 -204.201 -204.213 -203.961 -203.188 -200.887 -199.021 -195.636 -191.42 -187.437 -183.667 -177.647 -171.448 -171.38 -9999 -9999 -9999 -9999 -9999 -9999 -9999 -9999 -9999 -9999 -9999 
-9999 -9999 -214.358 -212.846 -209.149 -208.029 -206.408 -205.127 -204.139 -203.367 -201.193 -200.19 -196.482 -193.123 -189.221 -185.953 -181.029 -176.32 -174.297 -9999 -9999 -9999 -9999 -9999 -9999 -9999 -9999 -9999 -9999 -9999 -9999 
-9999 -9999 -210.191 -209.79 -208.836 -206.807 -206.147 -205.638 -204.492 -202.302 -199.104 -195.76 -191.149 -187.846 -184.089 -182.608 -179.743 -177.588 -9999 -9999 -9999 -9999 -9999 -9999 -9999 -9999 -9999 -9999 -9999 -9999 -9999 
-9999 -9999 -207.836 -207.593 -207.792 -205.875 -205.58 -205.427 -203.724 -201.444 -197.409 -193.264 -187.175 -183.042 -176.803 -180.077 -9999 -9999 -9999 -9999 -9999 -9999 -9999 -9999 -9999 -9999 -9999 -9999 -9999 -9999 -9999 
-9999 -9999 -206.721 -205.191 -204.416 -203.964 -203.88 -202.965 -201.34 -199.187 -194.989 -188.988 -186.359 -179.89 -178.457 -9999 -9999 -9999 -9999 -9999 -9999 -9999 -9999 -9999 -9999 -9999 -9999 -9999 -9999 -9999 -9999 
-9999 -9999 -9999 -203.93 -202.698 -201.583 -201.54 -200.777 -198.828 -195.853 -191.249 -188.059 -188.856 -9999 -9999 -9999 -9999 -9999 -9999 -9999 -9999 -9999 -9999 -9999 -9999 -9999 -9999 -9999 -9999 -9999 -9999 
-9999 -9999 -9999 -9999 -9999 -9999 -9999 -9999 -9999 -9999 -9999 -9999 -9999 -9999 -9999 -9999 -9999 -9999 -9999 -9999 -9999 -9999 -9999 -9999 -9999 -9999 -9999 -9999 -9999 -9999 -9999 
