Tests/Data/Utils/createTetgenSmeshFromRasters/DEM.asc
ncols        172
nrows        148
xllcorner    392757.144372853800
yllcorner    5822297.064057911746
cellsize     25.000000000000
NODATA_value  -3.4028234663852885981e+38
[rows 108 to 125 of 148, columns 0 to 39 of 172]
-3.4028234663852885981e+38 -3.4028234663852885981e+38 53.343845367431640625 53.3580169677734375 53.116947174072265625 53.11045074462890625 53.053005218505859375 53.126804351806640625 53.282100677490234375 53.444416046142578125 53.866130828857421875 54.28670501708984375 54.811580657958984375 55.332630157470703125 55.539371490478515625 55.611042022705078125 55.8138885498046875 56.14347076416015625 56.5123748779296875 56.741180419921875 56.8641357421875 57.05161285400390625 57.13091278076171875 56.607265472412109375 55.425220489501953125 54.7647552490234375 53.971527099609375 53.448612213134765625 53.34439849853515625 53.136547088623046875 52.75689697265625 52.343196868896484375 52.16670989990234375 52.1726226806640625 52.179931640625 52.186801910400390625 52.3020172119140625 52.5962677001953125 52.917186737060546875 53.196353912353515625
-3.4028234663852885981e+38 -3.4028234663852885981e+38 53.558013916015625 52.9706878662109375 52.42425537109375 52.33066558837890625 52.478214263916015625 52.75908660888671875 53.254825592041015625 53.56581878662109375 53.97505950927734375 54.49440765380859375 55.1815185546875 55.831035614013671875 56.05594635009765625 56.11829376220703125 56.374973297119140625 56.803802490234375 57.289264678955078125 57.664966583251953125 57.8876190185546875 58.015827178955078125 57.942905426025390625 57.452671051025390625 55.81050872802734375 55.1121826171875 54.35787200927734375 53.857295989990234375 53.639934539794921875 53.41162872314453125 52.98983001708984375 52.630786895751953125 52.415882110595703125 52.430561065673828125 52.445526123046875 52.459808349609375 52.533901214599609375 52.715137481689453125 52.917186737060546875 53.217166900634765625
-3.4028234663852885981e+38 -3.4028234663852885981e+38 53.29761505126953125 52.534832000732421875 51.985370635986328125 51.983184814453125 52.034259796142578125 52.224987030029296875 52.823894500732421875 53.7106781005859375 54.19223785400390625 54.762485504150390625 55.538188934326171875 56.254711151123046875 56.508037567138671875 56.544315338134765625 56.77521514892578125 57.180511474609375 57.630237579345703125 58.131908416748046875 58.512348175048828125 58.781192779541015625 58.82714080810546875 58.6117401123046875 56.58652496337890625 55.714885711669921875 54.997257232666015625 54.505603790283203125 54.1735382080078125 53.838817596435546875 53.2593536376953125 52.914764404296875 52.7139129638671875 52.723804473876953125 52.739833831787109375 52.754535675048828125 52.79116058349609375 52.868389129638671875 52.9105987548828125 53.092212677001953125
-3.4028234663852885981e+38 -3.4028234663852885981e+38 53.588840484619140625 52.388652801513671875 51.1237030029296875 50.486034393310546875 50.6412506103515625 51.174678802490234375 52.142925262451171875 53.5668487548828125 54.24770355224609375 55.025054931640625 55.808818817138671875 56.520679473876953125 56.827068328857421875 56.841022491455078125 57.00499725341796875 57.3323974609375 57.7248077392578125 58.26976776123046875 58.8331451416015625 59.28078460693359375 59.6559600830078125 59.512866973876953125 57.86621856689453125 56.951160430908203125 56.150604248046875 55.600254058837890625 55.073337554931640625 54.42427825927734375 53.631206512451171875 53.18426513671875 53.060482025146484375 53.07843780517578125 53.0956878662109375 53.117870330810546875 53.140888214111328125 53.122711181640625 52.940673828125 53.012531280517578125
-3.4028234663852885981e+38 -3.4028234663852885981e+38 54.55358123779296875 53.245269775390625 52.056308746337890625 51.044185638427734375 50.9881134033203125 51.592498779296875 52.811489105224609375 53.4957733154296875 54.51569366455078125 55.40915679931640625 56.1127166748046875 56.681400299072265625 56.927494049072265625 56.93267822265625 57.06917572021484375 57.324131011962890625 57.675323486328125 58.22292327880859375 58.933563232421875 59.554279327392578125 60.3031005859375 60.16607666015625 58.779083251953125 57.831607818603515625 56.808048248291015625 56.30080413818359375 55.844287872314453125 55.094684600830078125 54.153045654296875 53.573802947998046875 53.42543792724609375 53.473209381103515625 53.497127532958984375 53.543720245361328125 53.5920562744140625 53.491588592529296875 53.086246490478515625 53.04039764404296875
-3.4028234663852885981e+38 -3.4028234663852885981e+38 55.770252227783203125 55.285472869873046875 54.59432220458984375 53.81771087646484375 53.631011962890625 53.9408721923828125 54.793209075927734375 54.082828521728515625 55.35863494873046875 56.05950927734375 56.441356658935546875 56.787433624267578125 56.927753448486328125 56.930660247802734375 56.994476318359375 57.131572723388671875 57.41214752197265625 58.059123992919921875 58.908290863037109375 59.692607879638671875 60.732578277587890625 60.6360931396484375 59.216373443603515625 58.075145721435546875 56.934314727783203125 56.35637664794921875 56.00522613525390625 55.512760162353515625 54.877635955810546875 54.30463409423828125 54.073455810546875 54.102931976318359375 54.131587982177734375 54.15462493896484375 54.12740325927734375 53.917877197265625 53.3400421142578125 53.168621063232421875
-3.4028234663852885981e+38 -3.4028234663852885981e+38 56.523067474365234375 56.75261688232421875 56.945587158203125 56.96662139892578125 56.915363311767578125 56.80255889892578125 56.7962188720703125 55.692996978759765625 56.2791595458984375 56.535552978515625 56.65955352783203125 56.7685699462890625 56.86606597900390625 56.901737213134765625 56.96854400634765625 57.06121826171875 57.35147857666015625 58.05937957763671875 58.943683624267578125 59.718780517578125 61.0154266357421875 60.957275390625 59.347980499267578125 58.13694000244140625 56.86612701416015625 56.268169403076171875 55.9322052001953125 55.711177825927734375 55.321170806884765625 54.807048797607421875 54.54038238525390625 54.54192352294921875 54.583984375 54.607757568359375 54.55199432373046875 54.299762725830078125 53.646320343017578125 53.36901092529296875
-3.4028234663852885981e+38 56.51055145263671875 56.946369171142578125 57.360218048095703125 57.57315826416015625 57.590175628662109375 57.50128173828125 57.24855804443359375 56.9681549072265625 56.7480316162109375 56.693965911865234375 56.66101837158203125 56.63460540771484375 56.63460540771484375 56.65103912353515625 56.799999237060546875 56.984470367431640625 57.177906036376953125 57.4953155517578125 58.245487213134765625 59.042766571044921875 59.875789642333984375 61.185047149658203125 61.138187408447265625 59.44858551025390625 58.162136077880859375 56.905796051025390625 56.1730194091796875 55.872509002685546875 55.74138641357421875 55.406444549560546875 54.950557708740234375 54.6978759765625 54.68160247802734375 54.66417694091796875 54.7628326416015625 54.793361663818359375 54.563503265380859375 53.947490692138671875 53.603801727294921875
-3.4028234663852885981e+38 56.293636322021484375 56.714275360107421875 57.1307373046875 57.3576507568359375 57.355316162109375 57.276638031005859375 57.11026763916015625 56.9129638671875 56.77691650390625 56.604282379150390625 56.411815643310546875 56.219066619873046875 56.263763427734375 56.60906219482421875 57.00766754150390625 57.417896270751953125 57.89737701416015625 58.59529876708984375 59.294773101806640625 60.054416656494140625 61.249927520751953125 61.190704345703125 59.55889892578125 58.218402862548828125 57.0170440673828125 56.142364501953125 55.782764434814453125 55.6186676025390625 55.2884674072265625 54.838741302490234375 54.57952117919921875 54.54764556884765625 54.5957794189453125 54.742923736572265625 54.834163665771484375 54.731533050537109375 54.496898651123046875 53.9046478271484375 53.594211578369140625
-3.4028234663852885981e+38 56.003406524658203125 56.452068328857421875 56.90021514892578125 57.167804718017578125 57.18402099609375 57.189922332763671875 57.1168365478515625 56.98490142822265625 56.658355712890625 56.367122650146484375 56.064777374267578125 55.79529571533203125 55.9019775390625 56.445903778076171875 57.02684783935546875 57.667194366455078125 58.28034210205078125 58.850677490234375 59.42108917236328125 60.04236602783203125 61.02677154541015625 60.96932220458984375 59.653263092041015625 58.3290557861328125 57.039020538330078125 56.102809906005859375 55.68316650390625 55.4103240966796875 55.026714324951171875 54.582782745361328125 54.307140350341796875 54.26497650146484375 54.32598114013671875 54.561389923095703125 54.807582855224609375 54.805889129638671875 54.6668548583984375 54.2614898681640625 54.05118560791015625
-3.4028234663852885981e+38 55.807769775390625 56.360736846923828125 56.919338226318359375 57.253326416015625 57.293025970458984375 57.274383544921875 57.324771881103515625 57.324504852294921875 56.731777191162109375 56.43726348876953125 56.234954833984375 56.175678253173828125 56.41048431396484375 56.7648468017578125 57.149616241455078125 57.780681610107421875 58.355884552001953125 58.835483551025390625 59.280094146728515625 59.623931884765625 60.092296600341796875 60.1725006103515625 59.623931884765625 58.3541717529296875 57.11942291259765625 56.153553009033203125 55.64615631103515625 55.260890960693359375 54.800189971923828125 54.293338775634765625 53.970882415771484375 53.9157257080078125 53.9952392578125 54.294612884521484375 54.634044647216796875 54.73333740234375 54.68070220947265625 54.56797027587890625 54.461032867431640625
-3.4028234663852885981e+38 55.7117767333984375 56.51302337646484375 57.2830657958984375 57.67848968505859375 57.764926910400390625 57.806427001953125 57.8505401611328125 57.90848541259765625 57.242061614990234375 57.13867950439453125 57.436756134033203125 57.685028076171875 57.8481292724609375 57.786182403564453125 57.576999664306640625 57.736873626708984375 58.004665374755859375 58.303680419921875 58.611614227294921875 58.677539825439453125 59.06821441650390625 59.2276763916015625 59.245601654052734375 58.170993804931640625 57.16100311279296875 56.30838775634765625 55.708530426025390625 55.205596923828125 54.653774261474609375 54.11751556396484375 53.698635101318359375 53.61437225341796875 53.68389129638671875 53.997112274169921875 54.358707427978515625 54.394161224365234375 54.368801116943359375 54.635951995849609375 54.595653533935546875
-3.4028234663852885981e+38 56.03646087646484375 57.168041229248046875 58.123813629150390625 58.511547088623046875 58.655498504638671875 58.711841583251953125 58.571468353271484375 58.542926788330078125 58.00772857666015625 58.078479766845703125 58.567485809326171875 59.162563323974609375 59.16584014892578125 58.724842071533203125 58.0969390869140625 57.675556182861328125 57.342281341552734375 57.3521270751953125 57.54187774658203125 57.79933929443359375 58.22226715087890625 58.3912200927734375 58.63901519775390625 57.734760284423828125 56.9961700439453125 56.49677276611328125 55.8819122314453125 55.264156341552734375 54.68950653076171875 54.0352783203125 53.28501129150390625 53.0905303955078125 53.19466400146484375 53.562503814697265625 53.92911529541015625 53.94020843505859375 53.91757965087890625 54.3436279296875 54.333255767822265625
-3.4028234663852885981e+38 57.208110809326171875 57.88411712646484375 59.060871124267578125 59.2472686767578125 59.459003448486328125 59.583751678466796875 59.32146453857421875 58.9947052001953125 58.710124969482421875 58.73854827880859375 59.284656524658203125 60.084980010986328125 60.204532623291015625 59.4488525390625 58.59790802001953125 57.7661895751953125 57.089878082275390625 56.762683868408203125 56.798740386962890625 56.914844512939453125 56.99249267578125 57.2378082275390625 57.933261871337890625 57.14107513427734375 56.7790374755859375 56.59333038330078125 56.085414886474609375 55.420001983642578125 54.8947296142578125 53.969818115234375 52.732425689697265625 52.4515838623046875 52.58409881591796875 52.980625152587890625 53.45198822021484375 53.41696929931640625 53.4010162353515625 53.85693359375 53.664394378662109375
-3.4028234663852885981e+38 58.230373382568359375 58.6395416259765625 59.865550994873046875 60.231170654296875 60.48699951171875 60.372714996337890625 59.99761962890625 58.9947052001953125 59.076343536376953125 59.325466156005859375 59.927371978759765625 60.571521759033203125 61.013614654541015625 60.12313079833984375 59.109363555908203125 58.13488006591796875 57.2448883056640625 56.8863983154296875 56.759937286376953125 56.681873321533203125 56.62145233154296875 56.43032073974609375 56.98706817626953125 56.57309722900390625 56.462940216064453125 56.438629150390625 56.05974578857421875 55.543304443359375 54.973590850830078125 53.765682220458984375 52.320201873779296875 52.130527496337890625 52.13382720947265625 52.3679962158203125 52.992214202880859375 52.993083953857421875 53.00762939453125 53.517368316650390625 53.13775634765625
-3.4028234663852885981e+38 59.068836212158203125 59.544506072998046875 60.69708251953125 61.29224395751953125 61.467136383056640625 61.142757415771484375 60.70899200439453125 59.550434112548828125 59.6261444091796875 59.649639129638671875 60.5835723876953125 61.3498382568359375 61.589038848876953125 60.79813385009765625 59.826770782470703125 58.882236480712890625 57.972965240478515625 57.63123321533203125 57.382656097412109375 57.21120452880859375 56.757457733154296875 56.313373565673828125 56.21024322509765625 55.979167938232421875 56.06353759765625 56.26342010498046875 56.04132843017578125 55.528621673583984375 54.732624053955078125 53.284420013427734375 52.373600006103515625 52.09265899658203125 51.981822967529296875 51.95778656005859375 52.489696502685546875 52.837703704833984375 52.9169158935546875 53.218780517578125 52.758495330810546875
-3.4028234663852885981e+38 60.2621307373046875 60.69644927978515625 61.7248687744140625 62.281398773193359375 62.377231597900390625 62.05132293701171875 61.714191436767578125 60.160511016845703125 60.463104248046875 60.76958465576171875 61.462589263916015625 61.94073486328125 61.827671051025390625 61.35309600830078125 60.6524505615234375 59.86663818359375 59.051563262939453125 58.38118743896484375 58.28557586669921875 57.844127655029296875 57.375118255615234375 56.653118133544921875 55.90241241455078125 55.557857513427734375 55.525211334228515625 55.6779937744140625 55.602558135986328125 55.09644317626953125 54.156280517578125 53.11812591552734375 52.531154632568359375 52.228511810302734375 51.980693817138671875 51.671207427978515625 51.489925384521484375 51.7374267578125 52.9169158935546875 52.67603302001953125 52.16637420654296875
-3.4028234663852885981e+38 61.86518096923828125 61.972286224365234375 62.72112274169921875 63.105632781982421875 63.2746734619140625 63.172000885009765625 63.01215362548828125 61.439960479736328125 61.844940185546875 62.215301513671875 62.4741363525390625 62.401187896728515625 61.98390960693359375 61.69795989990234375 61.430507659912109375 61.000347137451171875 60.4445953369140625 59.757419586181640625 59.138713836669921875 58.425945281982421875 57.595279693603515625 56.72631072998046875 55.9892578125 55.374897003173828125 54.94771575927734375 54.712596893310546875 54.432788848876953125 54.072788238525390625 53.478168487548828125 52.953891754150390625 52.632663726806640625 52.31395721435546875 51.97020721435546875 51.474666595458984375 50.88913726806640625 50.649440765380859375 51.849613189697265625 51.494243621826171875 51.04067230224609375
