Tests/Data/Utils/createTetgenSmeshFromRasters/DEM.asc
ncols        172
nrows        148
xllcorner    392757.144372853800
yllcorner    5822297.064057911746
cellsize     25.000000000000
NODATA_value  -3.4028234663852885981e+38
[rows 90 to 107 of 148, columns 40 to 79 of 172]
53.969631195068359375 53.7452392578125 53.40216064453125 53.069362640380859375 52.748592376708984375 52.5313720703125 52.503368377685546875 52.46733856201171875 52.20452880859375 51.778961181640625 51.51309967041015625 51.36812591552734375 51.34127044677734375 51.451068878173828125 51.713504791259765625 51.727268218994140625 51.6837921142578125 51.59316253662109375 51.607707977294921875 51.67646026611328125 51.80886077880859375 52.059741973876953125 52.495159149169921875 52.801082611083984375 52.8007354736328125 52.681438446044921875 52.546848297119140625 52.418914794921875 52.334228515625 52.708995819091796875 52.696132659912109375 52.68100738525390625 52.581451416015625 52.26053619384765625 51.863056182861328125 51.48023223876953125 51.13263702392578125 51.13565826416015625 51.46958160400390625 52.0236663818359375
54.014652252197265625 53.79620361328125 53.599365234375 53.377597808837890625 53.173046112060546875 53.040851593017578125 53.034915924072265625 53.015041351318359375 52.756320953369140625 52.34490966796875 52.012786865234375 51.754772186279296875 51.556011199951171875 51.409442901611328125 51.53482818603515625 51.545490264892578125 51.539676666259765625 51.55328369140625 51.525386810302734375 51.61834716796875 51.79557037353515625 52.071903228759765625 52.492916107177734375 52.805164337158203125 52.741352081298828125 52.485591888427734375 52.23868560791015625 51.964080810546875 51.842041015625 52.3150482177734375 52.28444671630859375 52.263885498046875 52.18366241455078125 51.941272735595703125 51.64275360107421875 51.34198760986328125 51.085826873779296875 51.06813812255859375 51.288791656494140625 51.706050872802734375
54.051097869873046875 53.84710693359375 53.704593658447265625 53.63172149658203125 53.536571502685546875 53.482868194580078125 53.471221923828125 53.433322906494140625 53.152385711669921875 52.7244110107421875 52.31952667236328125 51.9578704833984375 51.61486053466796875 51.345539093017578125 51.30074310302734375 51.2605743408203125 51.24930572509765625 51.2386474609375 51.23614501953125 51.38698577880859375 51.680492401123046875 52.030628204345703125 52.466403961181640625 52.742549896240234375 52.5892486572265625 52.213039398193359375 51.81885528564453125 51.432254791259765625 51.28902435302734375 51.864124298095703125 51.832080841064453125 51.746372222900390625 51.67090606689453125 51.511539459228515625 51.331085205078125 51.158843994140625 51.016849517822265625 51.002689361572265625 51.124759674072265625 51.3733978271484375
53.921451568603515625 53.72283172607421875 53.6743621826171875 53.636127471923828125 53.650360107421875 53.6684417724609375 53.624965667724609375 53.52065277099609375 53.132045745849609375 52.55185699462890625 52.09828948974609375 51.8165130615234375 51.503520965576171875 51.211467742919921875 51.12558746337890625 51.053432464599609375 51.049358367919921875 51.053539276123046875 51.096111297607421875 51.27353668212890625 51.625438690185546875 51.983844757080078125 52.348430633544921875 52.56014251708984375 52.331951141357421875 51.826976776123046875 51.302684783935546875 50.87558746337890625 50.741733551025390625 51.309879302978515625 51.29697418212890625 51.260608673095703125 51.240345001220703125 51.190948486328125 51.133731842041015625 51.131038665771484375 51.1038665771484375 51.112400054931640625 51.131847381591796875 51.19644927978515625
53.80846405029296875 53.433315277099609375 53.290996551513671875 53.31853485107421875 53.43978118896484375 53.527744293212890625 53.44792938232421875 53.23337554931640625 52.64493560791015625 51.866924285888671875 51.42859649658203125 51.316051483154296875 51.089405059814453125 50.977291107177734375 51.01120758056640625 50.94171905517578125 50.948558807373046875 51.0248565673828125 51.126007080078125 51.336238861083984375 51.6498870849609375 51.92981719970703125 52.14269256591796875 52.18712615966796875 51.863468170166015625 51.231658935546875 50.743526458740234375 50.355052947998046875 50.227451324462890625 50.792255401611328125 50.846771240234375 50.91164398193359375 50.967311859130859375 51.046886444091796875 51.125885009765625 51.24935150146484375 51.45752716064453125 51.527072906494140625 51.35990142822265625 51.225803375244140625
53.48699188232421875 53.24449920654296875 53.111171722412109375 53.049129486083984375 53.069915771484375 53.209705352783203125 53.07390594482421875 52.70732879638671875 51.954257965087890625 51.1796722412109375 50.787837982177734375 50.681392669677734375 50.609683990478515625 50.714588165283203125 50.930828094482421875 50.925998687744140625 50.933956146240234375 51.052173614501953125 51.2829742431640625 51.53327178955078125 51.7562103271484375 51.887969970703125 51.88590240478515625 51.759548187255859375 51.295192718505859375 50.662776947021484375 50.258411407470703125 49.930469512939453125 49.786952972412109375 50.379978179931640625 50.540676116943359375 50.702899932861328125 50.8873443603515625 51.065906524658203125 51.280826568603515625 51.6007843017578125 52.036052703857421875 52.190990447998046875 51.882747650146484375 51.4795989990234375
52.92694091796875 52.811748504638671875 52.75138092041015625 52.732311248779296875 52.80313873291015625 52.87148284912109375 52.706027984619140625 52.27112579345703125 51.6308441162109375 50.902141571044921875 50.449920654296875 50.33167266845703125 50.353153228759765625 50.5735015869140625 50.8683013916015625 50.925998687744140625 50.938045501708984375 51.106441497802734375 51.4166412353515625 51.644329071044921875 51.78098297119140625 51.792572021484375 51.65901947021484375 51.287845611572265625 50.64997100830078125 50.2250213623046875 49.9336090087890625 49.57220458984375 49.786952972412109375 49.983715057373046875 50.26204681396484375 50.55609893798828125 50.849880218505859375 51.146831512451171875 51.463741302490234375 51.941715240478515625 52.58409881591796875 52.812808990478515625 52.29215240478515625 51.448333740234375
52.181491851806640625 52.174457550048828125 52.164432525634765625 52.236064910888671875 52.404323577880859375 52.47266387939453125 52.3079681396484375 51.925418853759765625 51.425838470458984375 50.919178009033203125 50.510303497314453125 50.45536041259765625 50.5049896240234375 50.6722869873046875 50.82813262939453125 50.925998687744140625 50.935672760009765625 51.09302520751953125 51.3928070068359375 51.599338531494140625 51.544063568115234375 51.431423187255859375 51.27393341064453125 50.7115020751953125 50.05881500244140625 49.867733001708984375 49.690441131591796875 49.393894195556640625 49.401554107666015625 49.664722442626953125 50.040050506591796875 50.3922882080078125 50.75055694580078125 51.0975799560546875 51.470134735107421875 51.997295379638671875 52.704982757568359375 52.94612884521484375 52.18270111083984375 50.830524444580078125
51.293212890625 51.4570159912109375 51.430755615234375 51.5174407958984375 51.782077789306640625 51.9668426513671875 51.879062652587890625 51.610569000244140625 51.33753204345703125 51.034099578857421875 50.907657623291015625 50.9007568359375 50.930255889892578125 50.943714141845703125 50.855037689208984375 50.925922393798828125 50.929294586181640625 51.00977325439453125 51.156948089599609375 51.190639495849609375 50.91237640380859375 50.7591705322265625 50.548656463623046875 49.989543914794921875 49.54483795166015625 49.521381378173828125 49.476551055908203125 49.387325286865234375 49.3507537841796875 49.59258270263671875 49.91375732421875 50.244232177734375 50.571407318115234375 50.88904571533203125 51.20667266845703125 51.548641204833984375 51.969417572021484375 52.025341033935546875 51.01700592041015625 49.9540252685546875
50.335231781005859375 50.61029815673828125 50.62957763671875 50.678073883056640625 51.041866302490234375 51.3800811767578125 51.43814849853515625 51.302959442138671875 51.246654510498046875 51.314662933349609375 51.387348175048828125 51.423549652099609375 51.4134674072265625 51.26592254638671875 50.93215179443359375 50.92594146728515625 50.925323486328125 50.894153594970703125 50.81798553466796875 50.6412811279296875 50.17321014404296875 49.85523223876953125 49.651470184326171875 49.274860382080078125 49.0583038330078125 49.14898681640625 49.2923583984375 49.46660614013671875 49.413280487060546875 49.6343841552734375 49.892513275146484375 50.109294891357421875 50.316650390625 50.52654266357421875 50.73668670654296875 50.9428253173828125 51.142841339111328125 51.052364349365234375 50.283382415771484375 49.425388336181640625
49.94635009765625 50.2456207275390625 50.28064727783203125 50.286411285400390625 50.571125030517578125 50.921535491943359375 51.05448150634765625 51.037197113037109375 51.16353607177734375 51.4714813232421875 51.724273681640625 51.785655975341796875 51.758571624755859375 51.534542083740234375 51.0527191162109375 50.94365692138671875 50.928707122802734375 50.818073272705078125 50.5535736083984375 50.225780487060546875 49.7799224853515625 49.38748931884765625 49.048583984375 48.601947784423828125 48.53551483154296875 48.81845855712890625 49.152034759521484375 49.502655029296875 49.63642120361328125 49.78226470947265625 49.906322479248046875 50.041469573974609375 50.182514190673828125 50.280750274658203125 50.362071990966796875 50.45607757568359375 50.518917083740234375 50.42798614501953125 49.965702056884765625 49.367565155029296875
50.28690338134765625 50.3103485107421875 50.281665802001953125 50.400043487548828125 50.400043487548828125 50.622325897216796875 50.768779754638671875 50.870716094970703125 51.10276031494140625 51.520130157470703125 51.84954071044921875 51.931507110595703125 51.8968048095703125 51.70146942138671875 51.219852447509765625 51.0439453125 50.975376129150390625 50.7809600830078125 50.39963531494140625 49.977382659912109375 49.55384063720703125 49.115207672119140625 48.68259429931640625 48.238971710205078125 48.2310028076171875 48.628604888916015625 49.05615234375 49.49741363525390625 49.785919189453125 49.9298553466796875 50.018280029296875 50.1328277587890625 50.248287200927734375 50.323230743408203125 50.328243255615234375 50.31287384033203125 50.3447418212890625 50.257293701171875 49.955768585205078125 49.43402099609375
50.72357177734375 50.620998382568359375 50.43145751953125 50.40460968017578125 50.414928436279296875 50.516124725341796875 50.746158599853515625 51.057613372802734375 51.495494842529296875 51.83599853515625 51.925998687744140625 51.91131591796875 51.798870086669921875 51.629337310791015625 51.204364776611328125 51.05046844482421875 50.792083740234375 50.377262115478515625 49.93399810791015625 49.492816925048828125 49.047046661376953125 48.614452362060546875 48.186229705810546875 48.170650482177734375 48.57807159423828125 49.0165252685546875 49.46463775634765625 49.867717742919921875 50.052459716796875 50.194179534912109375 50.42864990234375 50.695514678955078125 50.7766571044921875 50.713397979736328125 50.588985443115234375 50.4424285888671875 50.258861541748046875 50.018402099609375 49.755550384521484375 49.110931396484375
51.403553009033203125 51.107021331787109375 50.782840728759765625 50.53920745849609375 50.352092742919921875 50.41150665283203125 50.6950225830078125 51.054790496826171875 51.4832000732421875 51.828479766845703125 51.925998687744140625 51.919094085693359375 51.87290191650390625 51.629337310791015625 51.418201446533203125 51.144329071044921875 50.813076019287109375 50.388946533203125 49.945667266845703125 49.50554656982421875 49.059543609619140625 48.627735137939453125 48.20027923583984375 48.157924652099609375 48.55228424072265625 48.985889434814453125 49.416637420654296875 49.827419281005859375 50.1683197021484375 50.450107574462890625 50.856410980224609375 51.351467132568359375 51.539264678955078125 51.366451263427734375 51.11403656005859375 50.859771728515625 50.61690521240234375 50.440441131591796875 50.273799896240234375 49.840930938720703125
51.9116668701171875 51.704784393310546875 51.23252105712890625 50.80013275146484375 50.445514678955078125 50.404571533203125 50.748138427734375 51.128910064697265625 51.5152130126953125 51.831981658935546875 51.925998687744140625 51.924282073974609375 51.91619873046875 51.797771453857421875 51.607746124267578125 51.271312713623046875 50.894313812255859375 50.46880340576171875 50.0307464599609375 49.595645904541015625 49.155704498291015625 48.704624176025390625 48.2374420166015625 48.132877349853515625 48.473110198974609375 48.8487091064453125 49.189208984375 49.500823974609375 50.168041229248046875 50.5017547607421875 51.03020477294921875 51.80725860595703125 52.06313323974609375 51.824878692626953125 51.4732208251953125 51.106960296630859375 50.788448333740234375 50.646144866943359375 50.61025238037109375 50.373683929443359375
52.24822235107421875 52.0625152587890625 51.6622772216796875 51.26708984375 50.844207763671875 50.734867095947265625 50.997066497802734375 51.301456451416015625 51.6060638427734375 51.846752166748046875 51.925998687744140625 51.925998687744140625 51.925998687744140625 51.8993988037109375 51.745456695556640625 51.431491851806640625 51.0656890869140625 50.656070709228515625 50.21800994873046875 49.78985595703125 49.35398101806640625 48.857059478759765625 48.316417694091796875 48.0970306396484375 48.3405609130859375 48.609500885009765625 48.767536163330078125 48.836639404296875 49.880855560302734375 50.32684326171875 50.90410614013671875 51.718952178955078125 52.06937408447265625 51.836822509765625 51.438385009765625 51.009548187255859375 50.626224517822265625 50.538677215576171875 50.597888946533203125 50.573032379150390625
52.77826690673828125 52.582492828369140625 52.0528717041015625 51.64316558837890625 51.275691986083984375 51.196468353271484375 51.36199951171875 51.55370330810546875 51.732212066650390625 51.87648773193359375 51.925998687744140625 51.925998687744140625 51.92592620849609375 51.924411773681640625 51.832744598388671875 51.619930267333984375 51.3268890380859375 50.92919158935546875 50.498626708984375 50.067043304443359375 49.63397216796875 49.0777435302734375 48.423717498779296875 48.062549591064453125 48.168804168701171875 48.301540374755859375 48.244815826416015625 48.10880279541015625 49.175933837890625 49.66355133056640625 50.174266815185546875 51.0445404052734375 51.566501617431640625 51.436122894287109375 51.12424468994140625 50.688129425048828125 50.235897064208984375 50.185253143310546875 50.370021820068359375 50.548961639404296875
53.285961151123046875 53.112823486328125 52.5901641845703125 52.194683074951171875 51.7694549560546875 51.625274658203125 51.738246917724609375 51.809001922607421875 51.867336273193359375 51.90740966796875 51.907871246337890625 51.879833221435546875 51.84691619873046875 51.924137115478515625 51.86550140380859375 51.74311065673828125 51.546222686767578125 51.182537078857421875 50.746807098388671875 50.3094329833984375 49.875988006591796875 49.278476715087890625 48.521350860595703125 48.04238128662109375 48.029537200927734375 48.052379608154296875 47.84078216552734375 47.56937408447265625 48.3336181640625 48.813480377197265625 49.426319122314453125 50.1375732421875 50.765583038330078125 50.826122283935546875 50.749599456787109375 50.300384521484375 49.768177032470703125 49.711818695068359375 50.004993438720703125 50.42160797119140625
