Tests/Data/Utils/createTetgenSmeshFromRasters/DEM.asc
ncols        172
nrows        148
xllcorner    392757.144372853800
yllcorner    5822297.064057911746
cellsize     25.000000000000
NODATA_value  -3.4028234663852885981e+38
[rows 126 to 143 of 148, columns 120 to 159 of 172]
53.100677490234375 52.724758148193359375 52.736530303955078125 53.036212921142578125 53.3985595703125 53.37683868408203125 53.5697784423828125 53.254566192626953125 52.743633270263671875 52.391674041748046875 52.05454254150390625 51.99715423583984375 52.11040496826171875 52.24089813232421875 52.414501190185546875 52.43691253662109375 52.4486083984375 52.463253021240234375 52.47893524169921875 52.261383056640625 52.536144256591796875 52.984531402587890625 53.565151214599609375 54.302852630615234375 54.82245635986328125 54.922000885009765625 54.98322296142578125 55.300807952880859375 55.70809173583984375 55.7797088623046875 55.5350189208984375 55.29803466796875 55.0512542724609375 55.242038726806640625 55.824405670166015625 56.97154998779296875 57.987628936767578125 59.001983642578125 59.97293853759765625 60.9058380126953125
53.5109100341796875 53.073139190673828125 53.10460662841796875 53.43340301513671875 53.874134063720703125 53.79935455322265625 53.978282928466796875 53.757595062255859375 53.159435272216796875 52.791717529296875 52.512462615966796875 52.646244049072265625 52.7837982177734375 52.825031280517578125 52.886989593505859375 52.753376007080078125 52.724575042724609375 52.735042572021484375 52.74048614501953125 52.517253875732421875 52.782802581787109375 53.23766326904296875 53.757717132568359375 54.375209808349609375 54.823192596435546875 54.922000885009765625 54.974029541015625 55.28619384765625 55.7056732177734375 55.829792022705078125 55.73565673828125 55.62079620361328125 55.48818206787109375 55.758159637451171875 56.256282806396484375 57.21364593505859375 58.43054962158203125 59.47565460205078125 60.458362579345703125 61.215259552001953125
53.946323394775390625 53.424312591552734375 53.476512908935546875 53.791187286376953125 54.274051666259765625 54.21677398681640625 54.438472747802734375 54.4095916748046875 53.953800201416015625 53.596927642822265625 53.28456878662109375 53.39395904541015625 53.52851104736328125 53.5030517578125 53.32541656494140625 53.055080413818359375 52.992237091064453125 52.99797821044921875 52.96612548828125 52.758525848388671875 53.002368927001953125 53.44042205810546875 53.917949676513671875 54.43857574462890625 54.83135986328125 54.948482513427734375 55.021213531494140625 55.34307861328125 55.810634613037109375 56.029918670654296875 56.018497467041015625 55.97979736328125 55.912616729736328125 56.02758026123046875 56.55312347412109375 57.456577301025390625 58.64656829833984375 59.78125762939453125 60.641704559326171875 61.241214752197265625
54.327640533447265625 53.800628662109375 53.8354339599609375 54.218105316162109375 54.7347869873046875 54.728298187255859375 55.076206207275390625 55.146209716796875 54.823307037353515625 54.401233673095703125 54.114421844482421875 54.108432769775390625 54.169956207275390625 54.05367279052734375 53.68121337890625 53.338367462158203125 53.26879119873046875 53.266086578369140625 53.167938232421875 52.933437347412109375 53.13005828857421875 53.557125091552734375 54.008121490478515625 54.47177886962890625 54.840297698974609375 55.014644622802734375 55.1545257568359375 55.543407440185546875 56.083095550537109375 56.39373779296875 56.452823638916015625 56.423274993896484375 56.324249267578125 56.34418487548828125 56.69554901123046875 57.63269805908203125 58.68320465087890625 59.849231719970703125 60.601348876953125 61.187625885009765625
54.692962646484375 54.331317901611328125 54.307270050048828125 54.8340911865234375 54.7347869873046875 55.285312652587890625 55.753070831298828125 55.857799530029296875 55.70296478271484375 55.28299713134765625 54.915554046630859375 54.765369415283203125 54.65169525146484375 54.38394927978515625 53.954288482666015625 53.60323333740234375 53.522613525390625 53.5167694091796875 53.36495208740234375 53.044689178466796875 53.152126312255859375 53.570163726806640625 54.01085662841796875 54.461284637451171875 54.844051361083984375 55.095489501953125 55.337970733642578125 55.847869873046875 56.47705841064453125 56.866455078125 56.954864501953125 56.911304473876953125 56.73661041259765625 56.610416412353515625 56.781818389892578125 57.44071197509765625 58.42987060546875 59.3850555419921875 60.16809844970703125 60.740020751953125
55.649944305419921875 55.18216705322265625 55.360103607177734375 55.770908355712890625 55.359447479248046875 55.8631744384765625 56.3168487548828125 56.420383453369140625 56.400768280029296875 56.057971954345703125 55.623615264892578125 55.329753875732421875 55.066394805908203125 54.691219329833984375 54.271327972412109375 53.956180572509765625 53.885650634765625 53.9008331298828125 53.65085601806640625 53.10002899169921875 53.15032958984375 53.5489349365234375 53.9902801513671875 54.43482208251953125 54.857086181640625 55.219585418701171875 55.593387603759765625 56.23226165771484375 56.919681549072265625 57.368499755859375 57.46092987060546875 57.403858184814453125 57.158412933349609375 56.610416412353515625 56.814434051513671875 57.20075225830078125 57.73248291015625 58.4872589111328125 59.13953399658203125 59.706531524658203125
56.80170440673828125 56.706817626953125 56.775638580322265625 57.125690460205078125 56.46712493896484375 56.700153350830078125 56.78241729736328125 56.77140045166015625 56.522594451904296875 56.10816192626953125 55.719486236572265625 55.434879302978515625 55.06951141357421875 54.76136016845703125 54.542537689208984375 54.507396697998046875 54.47295379638671875 54.02951812744140625 53.7375030517578125 53.3732147216796875 53.73967742919921875 54.194133758544921875 54.652618408203125 55.09925079345703125 55.520725250244140625 56.012187957763671875 56.711551666259765625 57.34938812255859375 57.84159088134765625 57.9161529541015625 57.856250762939453125 57.581298828125 57.278156280517578125 56.918697357177734375 57.083278656005859375 57.237274169921875 57.541591644287109375 58.11618804931640625 58.68267059326171875 59.232532501220703125
58.61346435546875 58.2730712890625 57.983882904052734375 57.963108062744140625 57.1116485595703125 56.936313629150390625 56.920505523681640625 56.901378631591796875 56.65326690673828125 56.228687286376953125 55.9071197509765625 55.768398284912109375 55.533893585205078125 55.4463653564453125 55.370464324951171875 55.3805389404296875 55.33655548095703125 54.720874786376953125 54.371738433837890625 53.886821746826171875 54.39597320556640625 55.036434173583984375 55.54717254638671875 56.074367523193359375 56.480518341064453125 56.8265380859375 57.264007568359375 57.760593414306640625 58.164886474609375 58.255069732666015625 58.210357666015625 57.992099761962890625 57.740734100341796875 57.164173126220703125 57.142910003662109375 57.150543212890625 57.069736480712890625 57.372623443603515625 57.94985198974609375 58.4878997802734375
60.149662017822265625 59.8450775146484375 59.265773773193359375 58.811737060546875 57.689754486083984375 57.107173919677734375 56.922000885009765625 56.906871795654296875 56.6703033447265625 56.248760223388671875 56.004001617431640625 56.03426361083984375 56.04095458984375 56.24019622802734375 56.340076446533203125 56.3955841064453125 56.39586639404296875 55.860233306884765625 55.365329742431640625 54.68802642822265625 55.51331329345703125 56.340770721435546875 57.098308563232421875 57.647014617919921875 57.800994873046875 57.730289459228515625 57.81095123291015625 58.081981658935546875 58.44251251220703125 58.529052734375 58.509380340576171875 58.39803314208984375 58.24588775634765625 57.558170318603515625 57.4042816162109375 57.218353271484375 57.04122161865234375 57.086757659912109375 57.4911651611328125 57.92752838134765625
61.00267791748046875 60.852581024169921875 60.218906402587890625 59.44937896728515625 58.193241119384765625 57.30057525634765625 56.955837249755859375 56.96038818359375 56.765117645263671875 56.375637054443359375 56.23150634765625 56.405040740966796875 56.69152069091796875 56.986362457275390625 57.2390289306640625 57.3607635498046875 57.23867034912109375 57.097988128662109375 56.6421966552734375 55.704738616943359375 56.7864532470703125 57.748897552490234375 58.617099761962890625 59.1754608154296875 58.999797821044921875 58.54180908203125 58.302463531494140625 58.37448883056640625 58.68087005615234375 58.750484466552734375 58.75244903564453125 58.709026336669921875 58.63298797607421875 58.023601531982421875 57.7537384033203125 57.473419189453125 57.1675872802734375 57.0421600341796875 57.21378326416015625 57.42755889892578125
61.0360870361328125 61.025707244873046875 60.394504547119140625 59.56227874755859375 58.5326995849609375 57.51456451416015625 57.13507080078125 57.2011260986328125 57.14756011962890625 56.97200775146484375 56.9971771240234375 57.208892822265625 57.405948638916015625 57.681854248046875 57.897705078125 58.021800994873046875 57.965190887451171875 57.847686767578125 57.566761016845703125 56.835308074951171875 57.84334564208984375 58.915637969970703125 59.592510223388671875 60.135684967041015625 59.768215179443359375 59.109996795654296875 58.7537689208984375 58.6651458740234375 58.844440460205078125 58.88712310791015625 58.893131256103515625 58.8856048583984375 58.859775543212890625 58.3996734619140625 58.036754608154296875 57.654491424560546875 57.267513275146484375 56.998004913330078125 56.972606658935546875 57.011997222900390625
60.7136383056640625 60.639129638671875 60.1328277587890625 59.431339263916015625 58.6540985107421875 57.718738555908203125 57.426128387451171875 57.59320068359375 57.7322998046875 57.89890289306640625 58.132694244384765625 58.262462615966796875 58.195842742919921875 58.28900909423828125 58.370800018310546875 58.4152679443359375 58.42259979248046875 58.413242340087890625 58.371746063232421875 57.681568145751953125 58.48233795166015625 59.521549224853515625 60.198760986328125 60.349460601806640625 60.038059234619140625 59.4836273193359375 59.1887969970703125 58.98386383056640625 58.942798614501953125 58.921001434326171875 58.921001434326171875 58.921001434326171875 58.905872344970703125 58.62066650390625 58.204250335693359375 57.764892578125 57.33063507080078125 56.97393798828125 56.804561614990234375 56.69336700439453125
60.3871002197265625 60.322902679443359375 60.06982421875 59.319561004638671875 58.6398468017578125 57.917491912841796875 57.79022979736328125 58.06333160400390625 58.362003326416015625 58.842433929443359375 59.2378997802734375 59.250797271728515625 58.9930267333984375 58.827236175537109375 58.754985809326171875 58.710357666015625 58.715351104736328125 58.8097076416015625 58.371746063232421875 58.430938720703125 58.814350128173828125 59.493408203125 59.909130096435546875 60.30693817138671875 60.238056182861328125 59.946613311767578125 59.724346160888671875 59.349216461181640625 59.0066680908203125 58.92086029052734375 58.92015838623046875 58.917621612548828125 58.901088714599609375 58.66930389404296875 58.245265960693359375 57.796520233154296875 57.36148834228515625 56.961277008056640625 56.679046630859375 56.43634033203125
59.962100982666015625 59.8624725341796875 59.7968597412109375 59.062389373779296875 58.51816558837890625 57.927677154541015625 57.93445587158203125 58.321277618408203125 58.761241912841796875 59.31561279296875 59.793430328369140625 59.88140106201171875 59.693721771240234375 59.399654388427734375 59.185596466064453125 59.079341888427734375 59.0396270751953125 59.069149017333984375 58.99532318115234375 59.146244049072265625 59.43724822998046875 59.86583709716796875 60.32202911376953125 60.7523040771484375 60.82045745849609375 60.5485382080078125 60.068881988525390625 59.418796539306640625 58.874683380126953125 58.7401885986328125 58.72524261474609375 58.638462066650390625 58.51152801513671875 58.672420501708984375 58.256931304931640625 57.807071685791015625 57.375995635986328125 56.954738616943359375 56.60350799560546875 56.266117095947265625
59.10691070556640625 58.967411041259765625 59.018207550048828125 58.54083251953125 58.332302093505859375 57.71993255615234375 57.775791168212890625 58.258365631103515625 58.797191619873046875 59.519771575927734375 60.038761138916015625 60.18616485595703125 60.154491424560546875 60.011432647705078125 59.7487945556640625 59.53516387939453125 59.448192596435546875 59.290966033935546875 59.239139556884765625 59.52381134033203125 59.85263824462890625 60.177265167236328125 60.4780426025390625 60.758403778076171875 60.681529998779296875 60.12591552734375 59.564090728759765625 59.220302581787109375 58.594329833984375 58.192943572998046875 58.04595184326171875 57.835662841796875 57.479251861572265625 58.302768707275390625 58.0257110595703125 57.66167449951171875 57.302097320556640625 56.945903778076171875 56.5950469970703125 56.23101806640625
57.565822601318359375 57.51123809814453125 57.765476226806640625 57.723201751708984375 57.94863128662109375 57.31862640380859375 57.376262664794921875 58.00296783447265625 58.746417999267578125 59.61145782470703125 60.226596832275390625 60.44551849365234375 60.467380523681640625 60.50099945068359375 60.503635406494140625 60.294208526611328125 59.936168670654296875 59.50185394287109375 59.25846099853515625 59.285213470458984375 59.46026611328125 59.65261077880859375 59.786914825439453125 59.945529937744140625 59.82421112060546875 59.23480224609375 58.82115936279296875 58.747112274169921875 58.1324462890625 57.5168609619140625 57.263263702392578125 56.9437103271484375 56.452793121337890625 57.364528656005859375 57.332416534423828125 57.30738067626953125 57.11988067626953125 56.920269012451171875 56.666126251220703125 56.369121551513671875
55.838367462158203125 56.424297332763671875 56.291667938232421875 56.340373992919921875 57.22716522216796875 56.806438446044921875 56.94091033935546875 57.705448150634765625 58.656063079833984375 59.70981597900390625 60.4317169189453125 60.7107391357421875 60.738025665283203125 60.898334503173828125 61.134185791015625 60.994998931884765625 60.355587005615234375 59.669139862060546875 59.106109619140625 58.81377410888671875 58.68053436279296875 58.69084930419921875 58.93475341796875 59.050014495849609375 59.065479278564453125 58.7304534912109375 58.35802459716796875 58.060276031494140625 57.383762359619140625 56.813243865966796875 56.60384368896484375 56.254711151123046875 55.745182037353515625 56.37630462646484375 56.53092193603515625 56.781772613525390625 56.85717010498046875 56.878795623779296875 56.786785125732421875 56.60118865966796875
54.153858184814453125 54.660572052001953125 54.88845062255859375 54.96298980712890625 56.224697113037109375 56.13094329833984375 56.630458831787109375 57.526073455810546875 58.556285858154296875 59.85141754150390625 60.664638519287109375 60.977970123291015625 61.00653076171875 61.210796356201171875 61.5272979736328125 61.428131103515625 60.60639190673828125 59.70995330810546875 58.973480224609375 58.373737335205078125 58.18723297119140625 58.2649383544921875 58.357761383056640625 58.40435028076171875 58.32353973388671875 57.94545745849609375 57.547454833984375 57.055454254150390625 56.458404541015625 56.22971343994140625 56.15306854248046875 55.86556243896484375 55.392543792724609375 55.65777587890625 55.91162872314453125 56.2834014892578125 56.546833038330078125 56.75955963134765625 56.798736572265625 56.739170074462890625
