Tests/Data/Utils/createTetgenSmeshFromRasters/DEM.asc
ncols        172
nrows        148
xllcorner    392757.144372853800
yllcorner    5822297.064057911746
cellsize     25.000000000000
NODATA_value  -3.4028234663852885981e+38
[rows 36 to 53 of 148, columns 40 to 79 of 172]
50.0548095703125 49.5581512451171875 49.2640228271484375 50.1362762451171875 50.092693328857421875 50.02704620361328125 49.93495941162109375 49.920963287353515625 49.9240875244140625 50.044849395751953125 50.2826995849609375 50.36057281494140625 50.1827392578125 49.937557220458984375 49.72894287109375 49.54557037353515625 49.47515869140625 49.485744476318359375 49.17305755615234375 49.036235809326171875 48.940586090087890625 48.923000335693359375 48.94290924072265625 49.029445648193359375 49.140316009521484375 49.23749542236328125 49.4166412353515625 49.57738494873046875 49.74829864501953125 50.075717926025390625 50.64397430419921875 51.31269073486328125 52.13886260986328125 52.775424957275390625 52.867160797119140625 52.462703704833984375 51.97955322265625 51.435970306396484375 51.01372528076171875 50.927021026611328125
49.37783050537109375 48.89470672607421875 48.639308929443359375 49.35808563232421875 49.554561614990234375 49.72216033935546875 49.8551177978515625 49.920108795166015625 49.920391082763671875 49.9673309326171875 50.079833984375 50.118076324462890625 50.028400421142578125 49.923351287841796875 49.820201873779296875 49.7453765869140625 49.723514556884765625 49.704402923583984375 49.38933563232421875 49.16457366943359375 48.96314239501953125 48.923000335693359375 48.909786224365234375 48.819393157958984375 48.704814910888671875 48.78961181640625 49.05959320068359375 49.35211944580078125 49.6383819580078125 50.0631103515625 50.7117156982421875 51.431377410888671875 52.13886260986328125 53.012989044189453125 53.1549530029296875 52.747219085693359375 52.232807159423828125 51.557590484619140625 51.038043975830078125 50.9250030517578125
49.218471527099609375 48.783611297607421875 48.558132171630859375 48.84844207763671875 49.18503570556640625 49.505680084228515625 49.784122467041015625 49.894229888916015625 49.86392974853515625 49.8380889892578125 49.822101593017578125 49.8042755126953125 49.79640960693359375 49.8045196533203125 49.820064544677734375 49.84320831298828125 49.822620391845703125 49.776012420654296875 49.55074310302734375 49.203281402587890625 48.948383331298828125 48.88475799560546875 48.845996856689453125 48.637908935546875 48.366870880126953125 48.4091339111328125 48.732852935791015625 49.0950775146484375 49.46999359130859375 49.944797515869140625 50.578189849853515625 51.232532501220703125 52.287322998046875 53.153514862060546875 53.315311431884765625 52.91194915771484375 52.341583251953125 51.630702972412109375 51.06221771240234375 50.9250030517578125
49.5927886962890625 49.176982879638671875 48.92476654052734375 48.777843475341796875 49.135227203369140625 49.469341278076171875 49.768047332763671875 49.846500396728515625 49.739391326904296875 49.615081787109375 49.4780426025390625 49.395030975341796875 49.454376220703125 49.57830047607421875 49.7081298828125 49.8377227783203125 49.83473968505859375 49.6829071044921875 49.565715789794921875 49.172260284423828125 48.8327178955078125 48.7413482666015625 48.6996307373046875 48.471088409423828125 48.166294097900390625 48.171947479248046875 48.47115325927734375 48.824230194091796875 49.236968994140625 49.702129364013671875 50.175823211669921875 50.72611236572265625 52.141819000244140625 52.984210968017578125 53.207286834716796875 52.85466766357421875 52.336635589599609375 51.62372589111328125 51.071453094482421875 50.9250030517578125
50.15253448486328125 49.75554656982421875 49.46176910400390625 49.055309295654296875 49.33056640625 49.57802581787109375 49.7994842529296875 49.7952423095703125 49.57567596435546875 49.32904815673828125 49.0554962158203125 48.892116546630859375 49.01396942138671875 49.27373504638671875 49.52175140380859375 49.767986297607421875 49.7750244140625 49.512775421142578125 49.41451263427734375 48.977489471435546875 48.6168975830078125 48.514949798583984375 48.4783782958984375 48.30414581298828125 48.0612030029296875 48.044788360595703125 48.252399444580078125 48.534160614013671875 48.919307708740234375 49.350830078125 49.730236053466796875 50.04518890380859375 51.473117828369140625 52.52797698974609375 53.011260986328125 52.7135009765625 52.0948638916015625 51.3722076416015625 51.02062225341796875 50.9250030517578125
50.530910491943359375 50.186176300048828125 49.89434814453125 49.478336334228515625 49.62387847900390625 49.7457733154296875 49.842296600341796875 49.73737335205078125 49.418628692626953125 49.074718475341796875 48.701946258544921875 48.472347259521484375 48.63231658935546875 48.998016357421875 49.33791351318359375 49.66185760498046875 49.69214630126953125 49.37290191650390625 49.165264129638671875 48.719844818115234375 48.355922698974609375 48.24388885498046875 48.226169586181640625 48.1353607177734375 48.001110076904296875 47.992034912109375 48.10717010498046875 48.32879638671875 48.752300262451171875 49.169002532958984375 49.391918182373046875 49.53255462646484375 50.631771087646484375 51.46923065185546875 52.083526611328125 51.875701904296875 51.316555023193359375 50.983791351318359375 50.93778228759765625 50.9250030517578125
50.56543731689453125 50.395046234130859375 50.20223236083984375 49.8341827392578125 49.84479522705078125 49.844112396240234375 49.826755523681640625 49.636325836181640625 49.2925567626953125 48.919559478759765625 48.573856353759765625 48.345245361328125 48.504810333251953125 48.840831756591796875 49.1866912841796875 49.51432037353515625 49.558429718017578125 49.2607574462890625 48.9818267822265625 48.53565216064453125 48.157527923583984375 48.036602020263671875 48.028224945068359375 47.995296478271484375 47.953800201416015625 47.973705291748046875 48.0889129638671875 48.315578460693359375 48.7347564697265625 49.1583099365234375 49.363861083984375 49.396778106689453125 49.877300262451171875 50.448986053466796875 50.871234893798828125 50.747989654541015625 50.55130767822265625 50.62873077392578125 50.815032958984375 50.871273040771484375
50.435577392578125 50.434967041015625 50.410816192626953125 50.077587127685546875 49.9648590087890625 49.83220672607421875 49.695903778076171875 49.483455657958984375 49.191974639892578125 48.8861236572265625 48.5903778076171875 48.4008636474609375 48.52024078369140625 48.806751251220703125 49.08206939697265625 49.332855224609375 49.37554168701171875 49.162174224853515625 48.8795166015625 48.444583892822265625 48.060878753662109375 47.93241119384765625 47.930492401123046875 47.926647186279296875 47.925197601318359375 48.02950286865234375 48.27739715576171875 48.580677032470703125 48.893657684326171875 49.40537261962890625 49.741260528564453125 49.706417083740234375 49.61768341064453125 49.885723114013671875 50.050945281982421875 50.012889862060546875 50.08464813232421875 50.355846405029296875 50.628429412841796875 50.7152862548828125
50.44554901123046875 50.60174560546875 50.45212554931640625 50.0214996337890625 49.76227569580078125 49.5133056640625 49.27899169921875 49.09026336669921875 48.90933990478515625 48.74217987060546875 48.6345062255859375 48.69898223876953125 48.85345458984375 49.0055389404296875 49.14141082763671875 49.16873931884765625 49.062824249267578125 48.854572296142578125 48.4512939453125 48.06137847900390625 47.922000885009765625 47.922000885009765625 47.922000885009765625 47.9221954345703125 48.1002197265625 48.559253692626953125 48.966182708740234375 49.42288970947265625 50.02336883544921875 50.25717926025390625 50.228435516357421875 50.150287628173828125 49.82532501220703125 49.89884185791015625 49.923999786376953125 49.964946746826171875 50.16873931884765625 50.383258819580078125 50.451290130615234375 50.44286346435546875
50.5687255859375 50.828708648681640625 50.67966461181640625 50.102321624755859375 49.76596832275390625 49.406604766845703125 49.1393890380859375 49.01294708251953125 48.91876220703125 48.8379974365234375 48.767612457275390625 48.783695220947265625 48.82759857177734375 48.900089263916015625 48.97364044189453125 49.006519317626953125 48.973163604736328125 48.85987091064453125 48.47403717041015625 48.079288482666015625 47.922000885009765625 47.922245025634765625 47.925083160400390625 47.932003021240234375 48.183345794677734375 48.829235076904296875 49.4915313720703125 50.167201995849609375 50.905941009521484375 51.057209014892578125 50.82633209228515625 50.5577392578125 50.01721954345703125 49.93634033203125 49.9230499267578125 49.9553985595703125 50.06456756591796875 50.20540618896484375 50.26396942138671875 50.2688751220703125
50.861034393310546875 51.103466033935546875 50.949596405029296875 50.27130889892578125 49.84808349609375 49.45034027099609375 49.1445159912109375 49.0169677734375 48.9235076904296875 48.830417633056640625 48.73504638671875 48.69805908203125 48.709423065185546875 48.744598388671875 48.845539093017578125 48.918987274169921875 48.9246978759765625 48.847522735595703125 48.497425079345703125 48.094333648681640625 47.92238616943359375 47.923095703125 47.95037078857421875 48.001132965087890625 48.28946685791015625 49.0250244140625 49.90377044677734375 50.735687255859375 51.470905303955078125 51.58774566650390625 51.27045440673828125 50.940822601318359375 50.276180267333984375 50.08109283447265625 50.049388885498046875 50.07778167724609375 50.144504547119140625 50.240009307861328125 50.2821807861328125 50.288787841796875
51.24786376953125 51.3846282958984375 51.227725982666015625 50.515636444091796875 50.081722259521484375 49.653316497802734375 49.31110382080078125 49.112606048583984375 48.933673858642578125 48.745624542236328125 48.56925201416015625 48.476047515869140625 48.459728240966796875 48.535449981689453125 48.723789215087890625 48.888835906982421875 48.921001434326171875 48.855800628662109375 48.518466949462890625 48.109951019287109375 47.9235382080078125 47.923175811767578125 47.994075775146484375 48.13483428955078125 48.46923065185546875 49.185085296630859375 50.07617950439453125 50.93033599853515625 51.5199737548828125 51.7427978515625 51.53159332275390625 51.293453216552734375 50.625064849853515625 50.413959503173828125 50.386615753173828125 50.443195343017578125 50.601993560791015625 50.745067596435546875 50.73043060302734375 50.79026031494140625
51.897327423095703125 51.8203582763671875 51.58880615234375 50.80835723876953125 50.3785400390625 49.95583343505859375 49.564300537109375 49.25981903076171875 48.95642852783203125 48.654575347900390625 48.360309600830078125 48.211894989013671875 48.207347869873046875 48.343090057373046875 48.651813507080078125 48.89998626708984375 48.95481109619140625 48.86460113525390625 48.543064117431640625 48.125080108642578125 47.925445556640625 47.922832489013671875 48.01845550537109375 48.265659332275390625 48.82025909423828125 49.49806976318359375 50.194522857666015625 50.948802947998046875 51.4681854248046875 51.818279266357421875 51.713134765625 51.59047698974609375 51.05828857421875 50.90493011474609375 50.888202667236328125 50.950786590576171875 51.242877960205078125 51.467716217041015625 51.45298004150390625 51.538036346435546875
52.9264984130859375 52.495403289794921875 52.074665069580078125 51.161861419677734375 50.738880157470703125 50.272159576416015625 49.8325042724609375 49.44316864013671875 49.057102203369140625 48.6403350830078125 48.2361602783203125 48.047870635986328125 48.0754241943359375 48.276523590087890625 48.708255767822265625 49.081768035888671875 49.2388763427734375 48.92382049560546875 48.6756591796875 48.3199615478515625 48.15592193603515625 48.26055145263671875 48.564243316650390625 49.178256988525390625 49.960796356201171875 50.536373138427734375 50.961826324462890625 51.369915008544921875 51.531768798828125 51.916149139404296875 51.8749847412109375 51.813632965087890625 51.478916168212890625 51.4013824462890625 51.393001556396484375 51.438549041748046875 51.781280517578125 52.104137420654296875 52.1924896240234375 52.21575164794921875
54.04168701171875 53.255550384521484375 52.074665069580078125 51.6155242919921875 51.153209686279296875 50.61786651611328125 50.125904083251953125 49.684757232666015625 49.2501678466796875 48.74289703369140625 48.22318267822265625 48.036121368408203125 48.1278228759765625 48.41948699951171875 48.96111297607421875 49.470363616943359375 49.767475128173828125 49.275768280029296875 49.191986083984375 49.096820831298828125 48.97303009033203125 49.243831634521484375 49.50054168701171875 50.164356231689453125 50.83998870849609375 51.559787750244140625 51.97991943359375 52.0791778564453125 51.93902587890625 52.070476531982421875 52.007144927978515625 51.887935638427734375 51.741077423095703125 51.6724853515625 51.6710205078125 51.7111968994140625 51.954814910888671875 52.339733123779296875 52.533046722412109375 52.54660797119140625
54.638416290283203125 53.750701904296875 52.631412506103515625 52.15404510498046875 51.648021697998046875 51.029628753662109375 50.440921783447265625 49.966068267822265625 49.508525848388671875 48.9274139404296875 48.281768798828125 48.07881927490234375 48.270809173583984375 48.676944732666015625 49.31703948974609375 49.972553253173828125 50.36307525634765625 49.899806976318359375 49.937595367431640625 50.2312469482421875 50.107624053955078125 50.373523712158203125 50.329174041748046875 50.81366729736328125 51.291309356689453125 52.113613128662109375 52.880260467529296875 52.903163909912109375 52.386077880859375 52.287937164306640625 52.118824005126953125 51.88573455810546875 51.75214385986328125 51.647418975830078125 51.617870330810546875 51.64196014404296875 51.902408599853515625 52.328746795654296875 52.480022430419921875 52.3715057373046875
54.8954010009765625 54.08499908447265625 53.0827789306640625 52.63934326171875 52.126766204833984375 51.430629730224609375 50.74394989013671875 50.24733734130859375 49.79508209228515625 49.173114776611328125 48.42224884033203125 48.199359893798828125 48.451488494873046875 48.931293487548828125 49.631053924560546875 50.344970703125 50.8250885009765625 50.573459625244140625 50.91376495361328125 51.37981414794921875 51.372211456298828125 51.2182159423828125 51.0852813720703125 51.28075408935546875 51.819316864013671875 52.392852783203125 53.37860870361328125 53.366970062255859375 52.758331298828125 52.53366851806640625 52.2371063232421875 51.88573455810546875 51.647369384765625 51.447113037109375 51.367099761962890625 51.37914276123046875 51.630771636962890625 52.0464630126953125 52.17523193359375 51.92790985107421875
55.219516754150390625 54.53368377685546875 53.260650634765625 52.80417633056640625 52.316196441650390625 51.628368377685546875 50.957553863525390625 50.480289459228515625 50.065921783447265625 49.465396881103515625 48.68991851806640625 48.425975799560546875 48.6874847412109375 49.1490936279296875 49.77289581298828125 50.394588470458984375 50.874851226806640625 51.189899444580078125 51.7225341796875 52.38767242431640625 52.641338348388671875 52.530643463134765625 52.458984375 52.668628692626953125 53.08431243896484375 53.35826873779296875 53.5803070068359375 53.4001617431640625 53.06900787353515625 52.73085784912109375 52.37819671630859375 51.902774810791015625 51.573734283447265625 51.262020111083984375 51.15563201904296875 51.169063568115234375 51.388187408447265625 51.776611328125 51.876491546630859375 51.574871063232421875
