Tests/Data/Utils/createTetgenSmeshFromRasters/m0.asc
ncols         22
nrows         24
xllcorner     394350
yllcorner     5823368
cellsize      50
NODATA_value  -9999
-9999 -9999 -9999 -9999 -9999 -9999 -9999 -9999 50.402 50.4777 51.4655 53.0819 54.5374 55.7996 57.3416 57.4062 57.1836 55.3986 52.9464 51.4483 50.8593 50.4755 -9999 -9999 -9999 -9999 -9999 -9999 -9999 50.1911 50.1336 50.676 51.4316 52.9502 54.4506 55.9803 57.6372 57.6734 57.5289 56.1111 53.8729 52.4809 51.9665 51.5679 -9999 -9999 -9999 -9999 -9999 -9999 -9999 50.4681 50.5297 50.8116 51.1294 52.2197 53.2378 54.7681 56.7648 56.9611 56.9221 55.8223 54.1251 53.0721 52.4649 -9999 -9999 -9999 -9999 -9999 -9999 -9999 50.4572 50.9358 50.9305 50.7902 50.7274 51.3335 51.7241 53.2787 55.3585 55.8468 55.9963 55.0858 54.1333 53.292 52.5041 -9999 -9999 -9999 -9999 -9999 -9999 -9999 51.957 51.6074 51.1089 50.4962 50.2176 50.6295 50.7789 52.4414 54.576 54.7257 54.6798 54.3841 53.6725 53.2282 52.5473 -9999 -9999 -9999 -9999 -9999 -9999 53.5246 52.6671 51.8798 51.1606 50.4982 50.2085 50.1283 50.642 52.2829 54.1459 54.3377 54.4874 54.2908 53.4719 52.9206 52.5345 -9999 -9999 -9999 -9999 -9999 -9999 53.2904 52.3598 51.4626 51.045 50.8231 50.7476 50.4661 50.9399 53.0354 55.0025 55.2733 55.7579 55.1931 53.4042 52.4286 52.2628 -9999 -9999 -9999 -9999 -9999 54.6041 53.2869 52.4754 51.5069 51.5437 52.0547 52.2163 51.217 52.5252 54.6738 55.7149 56.2074 56.6618 55.07 52.437 51.9923 -9999 -9999 -9999 -9999 -9999 -9999 55.7264 54.4186 53.283 52.2053 52.242 52.9108 53.1161 52.8931 53.6 54.3421 55.2106 56.2228 57.2737 55.5871 52.76 51.9999 -9999 -9999 -9999 -9999 -9999 54.5404 55.7193 55.227 54.2662 53.2682 53.2888 54.0565 54.3131 53.9822 54.4328 54.4357 54.673 55.9488 56.9964 55.7614 53.524 52.8172 -9999 -9999 -9999 -9999 54.0611 54.2254 55.1514 55.3067 54.4171 53.5856 53.6792 54.4194 54.6402 55.0847 55.0663 54.343 54.0144 55.3585 56.6443 55.617 54.5538 53.8157 -9999 -9999 -9999 -9999 54.2277 53.9535 54.4212 54.3827 53.7302 52.7026 53.1095 53.9127 54.1652 54.3488 53.9954 53.4583 53.0744 54.8022 56.4685 54.1686 52.9341 52.8402 -9999 -9999 -9999 53.5898 53.6745 53.7634 53.7713 53.5716 52.7334 51.8857 52.484 53.5297 53.9263 53.5479 53.0511 52.7845 52.5133 53.9285 55.5952 52.9764 51.5298 -9999 -9999 -9999 -9999 52.3235 52.6744 53.2493 53.2294 53.0452 52.1809 51.3652 51.9278 53.3046 53.925 53.474 52.928 52.8489 52.7116 53.277 54.2159 52.6281 51.1681 -9999 -9999 -9999 52.21 52.3677 52.8282 52.9368 52.9323 52.412 51.9639 51.1423 51.6667 53.1593 53.925 53.671 53.2706 53.0594 52.7018 52.7325 53.4014 52.2612 -9999 -9999 -9999 -9999 52.7321 52.7589 52.7401 52.9092 52.8986 52.4231 51.5465 51.1839 52.2167 53.6577 53.8894 54.2026 53.858 52.8084 52.1487 52.4491 52.7772 51.4364 -9999 -9999 -9999 -9999 -9999 52.4856 51.9641 52.315 52.2639 51.9413 51.342 51.0681 51.7061 53.1417 53.6784 54.3712 53.9886 52.5297 51.6179 51.789 51.9384 50.89 -9999 -9999 -9999 -9999 -9999 -9999 -9999 51.3099 51.2606 51.1909 51.131 51.1124 51.1964 52.2101 53.2914 54.2586 54.0152 52.3056 51.0941 51.1965 51.2004 -9999 -9999 -9999 -9999 -9999 -9999 -9999 -9999 -9999 50.7029 51.0659 51.6008 52.191 51.4796 50.5414 52.6711 54.7969 55.3916 51.7931 50.7923 51.5051 51.9009 -9999 -9999 -9999 -9999 -9999 -9999 -9999 -9999 -9999 -9999 -9999 51.9973 52.9461 50.8305 48.691 50.1747 51.6766 51.8727 50.0922 50.508 52.0709 53.3749 -9999 -9999 -9999 -9999 -9999 -9999 -9999 -9999 -9999 -9999 -9999 -9999 51.0524 49.4254 47.7721 48.0735 47.916 47.9651 48.7958 49.9248 51.9814 -9999 -9999 -9999 -9999 -9999 -9999 -9999 -9999 -9999 -9999 -9999 -9999 -9999 -9999 -9999 47.848 47.3973 47.2634 47.6049 48.5071 49.6811 52.105 -9999 -9999 -9999 -9999 -9999 -9999 -9999 -9999 -9999 -9999 -9999 -9999 -9999 -9999 -9999 -9999 -9999 47.9682 48.7545 49.7604 51.4837 -9999 -9999 -9999 -9999 -9999 -9999 -9999 -9999 -9999 -9999 -9999 -9999 -9999 -9999 -9999 -9999 -9999 -9999 -9999 49.6064 50.3774 51.5866 -9999 -9999 -9999 -9999 -9999 -9999 -9999 
