Tests/Data/Utils/createTetgenSmeshFromRasters/m1.asc
ncols         22
nrows         24
xllcorner     394350
yllcorner     5823368
cellsize      50
NODATA_value  -9999
-9999 -9999 -9999 -9999 -9999 -9999 -9999 -9999 36.0212 36.0212 35.9404 36.1299 36.6699 36.7898 36.7438 36.5428 36.1518 35.5438 34.6844 33.6483 32.691 32.691 -9999 -9999 -9999 -9999 -9999 -9999 -9999 35.0623 35.0623 36.4922 36.0996 35.8898 36.3654 36.6167 36.5949 36.412 36.0682 35.5333 34.7677 33.8294 32.95 32.95 -9999 -9999 -9999 -9999 -9999 -9999 -9999 31.3184 31.3184 35.1795 35.5003 35.6166 36.0938 36.4123 36.4397 36.3087 36.0181 35.5538 34.9134 34.1444 34.1444 -9999 -9999 -9999 -9999 -9999 -9999 -9999 34.3295 34.3295 31.228 32.9378 34.6675 35.7407 36.5454 36.7988 36.7145 36.4552 36.1048 35.65 35.1022 34.5494 34.5494 -9999 -9999 -9999 -9999 -9999 -9999 -9999 35.338 35.338 33.4139 33.6977 35.1189 36.7529 37.5668 37.6007 37.2744 36.7984 36.2961 35.8398 35.4492 34.9708 34.9708 -9999 -9999 -9999 -9999 -9999 -9999 35.2834 35.2834 34.974 34.4598 34.7251 36.0657 37.5674 37.9836 37.9451 37.6208 37.0568 36.5926 36.0574 35.5624 35.1583 35.1583 -9999 -9999 -9999 -9999 -9999 -9999 34.7906 34.7906 34.8311 34.8762 35.352 36.4837 37.62 37.9674 37.9304 37.6632 37.1696 36.6108 36.0772 35.5931 35.2073 35.2073 -9999 -9999 -9999 -9999 -9999 34.4601 34.4601 34.7082 34.955 35.2328 35.6883 36.4351 37.2336 37.6757 37.6698 37.4077 36.984 36.5016 36.0174 35.5595 35.5595 -9999 -9999 -9999 -9999 -9999 -9999 34.6785 34.6785 35.0153 35.3754 35.6976 35.9979 36.3428 36.7783 37.1227 37.1567 36.9879 36.6899 36.3252 35.9247 35.5076 35.5076 -9999 -9999 -9999 -9999 -9999 34.8327 34.8327 35.1471 35.6012 36.0231 36.3105 36.4403 36.4767 36.6706 36.7325 36.6966 36.5956 36.413 36.1627 35.8473 35.483 35.483 -9999 -9999 -9999 -9999 35.1825 35.1825 35.3177 35.7293 36.2419 36.6649 36.8905 36.9042 36.8477 36.6698 36.5449 36.43 36.3462 36.227 36.0497 35.8129 35.5121 35.5121 -9999 -9999 -9999 -9999 35.6118 35.6118 35.7819 36.2147 36.7044 37.0757 37.2605 37.2392 37.0062 36.6658 36.4181 36.2948 36.1867 36.1073 35.9971 35.8333 35.5966 35.5966 -9999 -9999 -9999 36.2828 36.2828 35.9802 36.107 36.4967 36.9231 37.2324 37.3867 37.3637 36.9855 36.423 36.1506 36.0823 36.0593 36.0484 35.9926 35.887 35.887 -9999 -9999 -9999 -9999 36.6055 36.6055 36.1945 36.2514 36.5906 36.9595 37.2364 37.3783 37.3638 36.3244 35.5706 35.6463 35.7986 35.9059 35.98 36.0261 36.0286 36.0286 -9999 -9999 -9999 37.3637 37.3637 36.6462 36.2359 36.2481 36.5141 36.8311 37.1026 37.2776 36.8218 34.4237 34.6145 35.1781 35.5546 35.8008 36.0185 36.172 36.172 -9999 -9999 -9999 -9999 36.9552 36.9552 36.3798 36.0797 36.0981 36.296 36.5287 36.6954 36.6414 35.7348 34.5312 34.6409 35.0971 35.4621 35.7322 36.0421 36.315 36.315 -9999 -9999 -9999 -9999 -9999 35.8379 35.8379 35.7664 35.8353 35.9674 36.0743 36.0928 35.9198 35.5369 35.1614 35.0969 35.258 35.4855 35.7587 36.154 36.5761 36.5761 -9999 -9999 -9999 -9999 -9999 -9999 -9999 35.5057 35.5057 35.5819 35.5663 35.467 35.3499 35.3186 35.2952 35.2805 35.3376 35.5147 35.8314 36.3726 36.3726 -9999 -9999 -9999 -9999 -9999 -9999 -9999 -9999 -9999 35.2111 35.2111 35.0989 34.926 34.9268 35.2424 35.3063 35.2575 35.2987 35.5126 35.9443 36.6516 36.6516 -9999 -9999 -9999 -9999 -9999 -9999 -9999 -9999 -9999 -9999 -9999 34.4588 34.4588 34.2348 34.4502 35.0545 35.1082 35.2147 35.5093 36.0812 36.9254 36.9254 -9999 -9999 -9999 -9999 -9999 -9999 -9999 -9999 -9999 -9999 -9999 -9999 34.0351 34.0351 34.0131 34.3809 34.8173 35.1169 35.5284 36.2119 36.2119 -9999 -9999 -9999 -9999 -9999 -9999 -9999 -9999 -9999 -9999 -9999 -9999 -9999 -9999 -9999 34.3496 34.3496 34.7112 35.0902 35.5759 36.3138 36.3138 -9999 -9999 -9999 -9999 -9999 -9999 -9999 -9999 -9999 -9999 -9999 -9999 -9999 -9999 -9999 -9999 -9999 37 37 37 37 -9999 -9999 -9999 -9999 -9999 -9999 -9999 -9999 -9999 -9999 -9999 -9999 -9999 -9999 -9999 -9999 -9999 -9999 -9999 37 37 37 -9999 -9999 -9999 -9999 -9999 -9999 -9999 
