Tests/Data/Utils/createTetgenSmeshFromRasters/m2.asc
ncols         22
nrows         24
xllcorner     394350
yllcorner     5823368
cellsize      50
NODATA_value  -9999
-9999 -9999 -9999 -9999 -9999 -9999 -9999 -9999 20.8613 20.8613 20.7168 20.6529 21.0815 21.4687 21.1661 20.5694 20.0278 19.625 19.5185 19.5083 19.521 19.521 -9999 -9999 -9999 -9999 -9999 -9999 -9999 21.0503 21.0503 21.4567 20.9906 20.6141 20.6908 20.854 20.689 20.2915 19.8777 19.5472 19.5652 19.4337 19.4246 19.4246 -9999 -9999 -9999 -9999 -9999 -9999 -9999 21.4153 21.4153 21.1667 20.831 20.4904 20.398 20.3873 20.256 20.0019 19.6946 19.6827 19.4556 19.3165 19.3165 -9999 -9999 -9999 -9999 -9999 -9999 -9999 20.8844 20.8844 21.2098 20.7464 20.4944 20.3531 20.3568 20.3027 20.123 19.8451 19.7502 19.5487 19.3207 19.2241 19.2241 -9999 -9999 -9999 -9999 -9999 -9999 -9999 20.3176 20.3176 20.2232 20.1366 20.1038 20.4148 20.7465 20.6778 20.268 19.824 19.7176 19.4824 19.3999 19.1921 19.1921 -9999 -9999 -9999 -9999 -9999 -9999 18.7996 18.7996 19.1673 19.2869 19.4048 19.8106 20.6775 21.4418 21.2413 20.4822 20.054 19.8222 19.4687 19.1853 18.9652 18.9652 -9999 -9999 -9999 -9999 -9999 -9999 17.3799 17.3799 17.9221 18.3433 18.6625 19.2433 20.5137 21.316 21.1257 20.4731 20.0547 19.5809 19.2222 18.941 18.7243 18.7243 -9999 -9999 -9999 -9999 -9999 15.2227 15.2227 16.1087 16.7524 17.378 17.8375 18.465 19.4951 20.4029 20.3433 20.1188 19.633 19.226 18.9087 18.6681 18.6681 -9999 -9999 -9999 -9999 -9999 -9999 14.1561 14.1561 14.9861 15.6418 16.1659 16.8489 17.3907 18.3505 19.1882 19.5567 19.3307 19.0299 18.754 18.5355 18.3696 18.3696 -9999 -9999 -9999 -9999 -9999 12.1937 12.1937 13.1685 13.9523 14.5663 15.0477 15.7118 16.1273 17.2309 17.7302 18.4473 18.4097 18.3093 18.2011 18.1078 18.0435 18.0435 -9999 -9999 -9999 -9999 10.1218 10.1218 11.334 12.2736 12.9894 13.5131 13.8786 14.1572 15.2787 15.5673 16.2918 16.5601 17.4 17.5115 17.5809 17.633 17.6853 17.6853 -9999 -9999 -9999 -9999 9.5316 9.5316 10.6179 11.4708 12.0961 12.4924 12.6892 13.0735 13.6503 13.8779 14.0563 14.5567 15.421 16.6674 16.9181 17.1138 17.275 17.275 -9999 -9999 -9999 7.83462 7.83462 9.00571 9.99562 10.7639 11.2843 11.5496 11.9156 11.8153 11.6372 11.9111 12.5517 13.3001 14.3052 15.1783 15.6152 16.0596 16.0596 -9999 -9999 -9999 -9999 7.41945 7.41945 8.54821 9.46044 9.9728 10.4031 10.5809 10.5283 10.5165 10.0621 10.2953 11.2756 12.2433 13.3931 14.1142 14.6935 15.397 15.397 -9999 -9999 -9999 5.93791 5.93791 7.09394 8.07786 8.86847 9.44709 9.80721 9.96271 9.89448 9.80241 9.38978 9.59 10.4777 11.475 12.3733 13.4875 14.1193 14.1193 -9999 -9999 -9999 -9999 6.17252 6.17252 7.0436 7.8481 8.49569 8.95884 9.24433 9.39327 9.45746 9.60906 9.42499 9.56529 10.2493 11.0885 11.9224 13.1927 13.8283 13.8283 -9999 -9999 -9999 -9999 -9999 7.02594 7.02594 7.64511 8.14429 8.46939 8.61959 8.68727 8.7987 9.25877 9.33845 9.55291 9.97476 10.8541 11.6105 12.507 13.4352 13.4352 -9999 -9999 -9999 -9999 -9999 -9999 -9999 7.79442 7.79442 7.94794 7.87951 7.69414 7.81786 8.08719 8.46335 9.01589 9.6239 10.5823 11.3647 12.108 12.108 -9999 -9999 -9999 -9999 -9999 -9999 -9999 -9999 -9999 7.42644 7.42644 7.06977 6.45852 6.13918 6.10671 6.88797 7.98637 9.02347 9.9857 11.1529 11.9621 11.9621 -9999 -9999 -9999 -9999 -9999 -9999 -9999 -9999 -9999 -9999 -9999 5.40299 5.40299 4.51092 4.32674 5.39008 6.96866 8.42676 9.66192 10.9874 11.8838 11.8838 -9999 -9999 -9999 -9999 -9999 -9999 -9999 -9999 -9999 -9999 -9999 -9999 4.00879 4.00879 3.81282 4.85227 6.4894 8.08849 9.46367 10.8862 10.8862 -9999 -9999 -9999 -9999 -9999 -9999 -9999 -9999 -9999 -9999 -9999 -9999 -9999 -9999 -9999 5.3199 5.3199 6.66874 8.1138 9.43479 10.6009 10.6009 -9999 -9999 -9999 -9999 -9999 -9999 -9999 -9999 -9999 -9999 -9999 -9999 -9999 -9999 -9999 -9999 -9999 11 11 11 1 -9999 -9999 -9999 -9999 -9999 -9999 -9999 -9999 -9999 -9999 -9999 -9999 -9999 -9999 -9999 -9999 -9999 -9999 -9999 11 11 11 -9999 -9999 -9999 -9999 -9999 -9999 -9999 v
