Tests/Data/Utils/createTetgenSmeshFromRasters/m3.asc
ncols         22
nrows         24
xllcorner     394350
yllcorner     5823368
cellsize      50
NODATA_value  -9999
-9999 -9999 -9999 -9999 -9999 -9999 -9999 -9999 -10.5904 -10.5904 -11.1153 -11.6223 -11.9387 -12.0076 -12.114 -12.4813 -13.2834 -14.5866 -16.5372 -19.2704 -22.6959 -22.6959 -9999 -9999 -9999 -9999 -9999 -9999 -9999 -9.08147 -9.08147 -9.89193 -10.6918 -11.3573 -11.7929 -12.0039 -12.2016 -12.5356 -13.277 -14.4683 -16.2702 -18.7942 -21.9096 -21.9096 -9999 -9999 -9999 -9999 -9999 -9999 -9999 -8.36651 -8.36651 -9.38618 -10.3636 -11.1213 -11.6224 -11.9502 -12.1528 -12.5605 -13.2288 -14.2779 -15.8254 -17.9622 -17.9622 -9999 -9999 -9999 -9999 -9999 -9999 -9999 -8.41261 -8.41261 -8.21681 -9.20009 -10.2871 -11.1099 -11.6129 -11.9195 -12.1137 -12.5056 -13.1063 -14.0052 -15.2811 -16.9815 -16.9815 -9999 -9999 -9999 -9999 -9999 -9999 -9999 -7.82988 -7.82988 -8.21244 -9.32382 -10.4912 -11.3639 -11.7941 -11.9579 -12.0765 -12.4167 -12.9483 -13.7018 -14.7271 -16.0375 -16.0375 -9999 -9999 -9999 -9999 -9999 -9999 -5.63593 -5.63593 -7.23228 -8.48653 -9.71287 -10.8488 -11.6671 -11.976 -11.9758 -12.0688 -12.356 -12.8107 -13.4315 -14.2344 -15.2223 -15.2223 -9999 -9999 -9999 -9999 -9999 -9999 -6.73741 -6.73741 -7.90323 -9.13307 -10.3101 -11.2041 -11.7891 -11.986 -11.9975 -12.1101 -12.3645 -12.7361 -13.221 -13.8301 -14.5646 -14.5646 -9999 -9999 -9999 -9999 -9999 -6.95626 -6.95626 -8.09724 -9.14509 -10.0999 -11.1239 -11.6945 -12.0002 -12.1132 -12.1092 -12.2433 -12.4481 -12.724 -13.0735 -13.5093 -13.5093 -9999 -9999 -9999 -9999 -9999 -9999 -8.48558 -8.48558 -9.63954 -10.6652 -11.4866 -12.0216 -12.1747 -12.2065 -12.3911 -12.4287 -12.4868 -12.5919 -12.7486 -12.9654 -13.2484 -13.2484 -9999 -9999 -9999 -9999 -9999 -9.01198 -9.01198 -10.1371 -11.3295 -12.3977 -13.164 -13.5065 -13.3731 -13.1126 -13.0454 -12.8533 -12.7404 -12.6942 -12.7073 -12.7885 -12.9323 -12.9323 -9999 -9999 -9999 -9999 -9.74739 -9.74739 -10.5548 -11.6985 -12.9931 -14.1798 -14.9645 -15.1475 -14.7433 -14.1738 -13.8021 -13.3736 -13.0629 -12.8518 -12.7251 -12.6732 -12.6888 -12.6888 -9999 -9999 -9999 -9999 -10.9016 -10.9016 -11.7581 -12.9671 -14.3613 -15.6703 -16.542 -16.5495 -15.9082 -15.0721 -14.4598 -13.8159 -13.3172 -12.9465 -12.6807 -12.5045 -12.4083 -12.4083 -9999 -9999 -9999 -11.2814 -11.2814 -11.7056 -12.5754 -13.8029 -15.2147 -16.507 -17.3743 -17.3162 -16.5994 -15.6348 -14.6352 -13.6644 -13.4341 -12.9263 -12.5369 -12.2427 -12.2427 -9999 -9999 -9999 -9999 -11.7607 -11.7607 -12.1641 -13.0025 -14.0801 -15.438 -16.6725 -17.414 -17.4696 -16.7875 -15.7964 -14.741 -13.7071 -12.8973 -12.231 -11.6885 -11.256 -11.256 -9999 -9999 -9999 -11.9433 -11.9433 -11.8561 -12.2158 -12.9592 -14.0069 -15.2101 -16.363 -17.1264 -17.1249 -16.3845 -15.488 -14.4669 -13.4477 -12.6122 -11.8828 -11.2495 -11.2495 -9999 -9999 -9999 -9999 -11.8022 -11.8022 -11.8171 -12.143 -12.7449 -13.5679 -14.5146 -15.4135 -15.9233 -15.9477 -15.3741 -14.5148 -13.8014 -12.8834 -12.0793 -11.3144 -10.5877 -10.5877 -9999 -9999 -9999 -9999 -9999 -11.6043 -11.6043 -11.8849 -12.3137 -12.8507 -13.4079 -13.9145 -14.0584 -14.0539 -13.72 -13.1848 -12.6795 -12.0645 -11.3403 -10.5441 -9.70565 -9.70565 -9999 -9999 -9999 -9999 -9999 -9999 -9999 -11.7454 -11.7454 -11.9401 -12.0118 -11.9221 -11.5522 -11.4542 -11.5053 -11.5117 -11.3213 -11.0868 -10.4654 -9.61895 -9.61895 -9999 -9999 -9999 -9999 -9999 -9999 -9999 -9999 -9999 -10.9708 -10.9708 -10.4897 -9.6189 -8.5563 -8.34674 -8.98082 -9.70877 -10.0415 -10.1046 -9.57165 -8.65084 -8.65084 -9999 -9999 -9999 -9999 -9999 -9999 -9999 -9999 -9999 -9999 -9999 -7.69438 -7.69438 -6.04739 -5.755 -6.91537 -8.24597 -8.98787 -9.25448 -8.7907 -7.87938 -7.87938 -9999 -9999 -9999 -9999 -9999 -9999 -9999 -9999 -9999 -9999 -9999 -9999 -5.29529 -5.29529 -5.03918 -6.15045 -7.49465 -8.31586 -8.64865 -8.23138 -8.23138 -9999 -9999 -9999 -9999 -9999 -9999 -9999 -9999 -9999 -9999 -9999 -9999 -9999 -9999 -9999 -6.48448 -6.48448 -7.40876 -8.0234 -8.306 -7.90215 -7.90215 -9999 -9999 -9999 -9999 -9999 -9999 -9999 -9999 -9999 -9999 -9999 -9999 -9999 -9999 -9999 -9999 -9999 -7.5 -7.5 -7.5 -7.5 -9999 -9999 -9999 -9999 -9999 -9999 -9999 -9999 -9999 -9999 -9999 -9999 -9999 -9999 -9999 -9999 -9999 -9999 -9999 -7.5 -7.5 -7.5 -9999 -9999 -9999 -9999 -9999 -9999 -9999 
