Tests/Data/Utils/createTetgenSmeshFromRasters/m4.asc
ncols         22
nrows         24
xllcorner     394350
yllcorner     5823368
cellsize      50
NODATA_value  -9999
-9999 -9999 -9999 -9999 -9999 -9999 -9999 -9999 -44.7529 -44.7529 -44.6147 -44.8348 -45.3132 -45.6004 -45.3146 -44.6017 -43.7184 -42.7545 -41.6855 -40.4812 -39.1954 -39.1954 -9999 -9999 -9999 -9999 -9999 -9999 -9999 -44.8735 -44.8735 -44.4727 -44.3022 -44.4167 -44.7435 -44.9444 -44.7128 -44.1341 -43.4045 -42.582 -41.6348 -40.5479 -39.3874 -39.3874 -9999 -9999 -9999 -9999 -9999 -9999 -9999 -44.6301 -44.6301 -44.1829 -43.9116 -43.8498 -43.936 -44.0012 -43.8618 -43.5121 -43.0063 -42.368 -41.6003 -40.7051 -40.7051 -9999 -9999 -9999 -9999 -9999 -9999 -9999 -45.0435 -45.0435 -44.47 -43.8688 -43.487 -43.3035 -43.2471 -43.2306 -43.1698 -42.9768 -42.637 -42.1649 -41.5745 -40.8792 -40.8792 -9999 -9999 -9999 -9999 -9999 -9999 -9999 -44.7675 -44.7675 -44.0907 -43.4453 -43.0747 -42.919 -42.8848 -42.861 -42.7858 -42.6225 -42.3523 -41.9882 -41.5361 -41.0131 -41.0131 -9999 -9999 -9999 -9999 -9999 -9999 -44.0934 -44.0934 -43.8795 -43.3549 -42.8737 -42.6815 -42.7445 -42.872 -42.828 -42.6334 -42.3905 -42.1215 -41.8166 -41.4696 -41.0832 -41.0832 -9999 -9999 -9999 -9999 -9999 -9999 -42.9419 -42.9419 -42.7355 -42.3916 -42.1562 -42.2179 -42.5271 -42.8058 -42.7387 -42.4471 -42.1438 -41.876 -41.625 -41.3634 -41.084 -41.084 -9999 -9999 -9999 -9999 -9999 -42.1047 -42.1047 -41.8705 -41.5625 -41.2998 -41.2314 -41.4576 -41.8754 -42.2157 -42.2259 -42.0126 -41.7729 -41.569 -41.3895 -41.2148 -41.2148 -9999 -9999 -9999 -9999 -9999 -9999 -41.2806 -41.2806 -40.7952 -40.3865 -40.129 -40.1227 -40.333 -40.7782 -41.1754 -41.354 -41.3488 -41.2761 -41.1955 -41.1168 -41.0323 -41.0323 -9999 -9999 -9999 -9999 -9999 -41.2816 -41.2816 -40.4597 -39.7152 -39.1214 -38.7672 -38.7526 -39.0628 -39.5098 -40.0145 -40.3874 -40.6074 -40.7293 -40.7988 -40.8293 -40.8356 -40.8356 -9999 -9999 -9999 -9999 -41.875 -41.875 -40.7589 -39.6825 -38.6995 -37.9035 -37.4318 -37.4091 -37.7915 -38.3831 -38.9809 -39.5242 -39.9303 -40.2193 -40.4213 -40.5604 -40.6534 -40.6534 -9999 -9999 -9999 -9999 -41.6945 -41.6945 -40.3341 -39.0367 -37.8691 -36.9179 -36.329 -36.3316 -36.8204 -37.5167 -38.2036 -38.864 -39.3993 -39.8102 -40.1679 -40.3436 -40.5217 -40.5217 -9999 -9999 -9999 -43.3672 -43.3672 -41.6519 -40.0664 -38.6161 -37.3535 -36.3696 -35.7367 -35.7744 -36.2879 -37.0015 -37.8301 -38.6526 -39.292 -39.8041 -40.201 -40.5051 -40.5051 -9999 -9999 -9999 -9999 -43.6694 -43.6694 -41.6859 -39.9687 -38.468 -37.2015 -36.2457 -35.7148 -35.6801 -36.1425 -36.8406 -37.6264 -38.4718 -39.1303 -39.6743 -40.1089 -40.4512 -40.4512 -9999 -9999 -9999 -45.9492 -45.9492 -43.6429 -41.6912 -40.0269 -38.6013 -37.4059 -36.4698 -35.8946 -35.8912 -36.3493 -37.0076 -37.7224 -38.5278 -39.1574 -39.6953 -40.1433 -40.1433 -9999 -9999 -9999 -9999 -45.0343 -45.0343 -43.2487 -41.6095 -40.1805 -38.9491 -37.9175 -37.1221 -36.6413 -36.6043 -36.95 -37.4859 -38.0789 -38.7862 -39.351 -39.8582 -40.3026 -40.3026 -9999 -9999 -9999 -9999 -9999 -42.6631 -42.6631 -41.4855 -40.3791 -39.4126 -38.6419 -38.0715 -37.7468 -37.6996 -37.8903 -38.2249 -38.6237 -39.1899 -39.6617 -40.1319 -40.5703 -40.5703 -9999 -9999 -9999 -9999 -9999 -9999 -9999 -40.5789 -40.5789 -39.9055 -39.4298 -39.1693 -39.0827 -39.0625 -39.0493 -39.0987 -39.2636 -39.6655 -40.0431 -40.4755 -40.4755 -9999 -9999 -9999 -9999 -9999 -9999 -9999 -9999 -9999 -40.3436 -40.3436 -40.1463 -40.2279 -40.4489 -40.4879 -40.2334 -39.9686 -39.889 -39.7405 -40.4246 -40.8342 -40.8342 -9999 -9999 -9999 -9999 -9999 -9999 -9999 -9999 -9999 -9999 -9999 -40.977 -40.977 -41.4211 -41.5072 -41.0941 -40.6233 -40.338 -40.1467 -40.5922 -41.0762 -41.0762 -9999 -9999 -9999 -9999 -9999 -9999 -9999 -9999 -9999 -9999 -9999 -9999 -41.6831 -41.6831 -41.7569 -41.4005 -40.96 -40.7035 -40.4386 -40.6282 -40.6282 -9999 -9999 -9999 -9999 -9999 -9999 -9999 -9999 -9999 -9999 -9999 -9999 -9999 -9999 -9999 -41.3344 -41.3344 -41.0515 -40.8737 -40.6176 -40.7903 -40.7903 -9999 -9999 -9999 -9999 -9999 -9999 -9999 -9999 -9999 -9999 -9999 -9999 -9999 -9999 -9999 -9999 -9999 -41 -41 -41 -41 -9999 -9999 -9999 -9999 -9999 -9999 -9999 -9999 -9999 -9999 -9999 -9999 -9999 -9999 -9999 -9999 -9999 -9999 -9999 -41 -41 -41 -9999 -9999 -9999 -9999 -9999 -9999 -9999 
