Tests/Data/Utils/createTetgenSmeshFromRasters/m5.asc
ncols         22
nrows         24
xllcorner     394350
yllcorner     5823368
cellsize      50
NODATA_value  -9999
-9999 -9999 -9999 -9999 -9999 -9999 -9999 -9999 -83.6442 -83.6442 -82.604 -81.4303 -80.5189 -80.1833 -80.3856 -80.8703 -81.405 -81.8345 -82.0786 -82.1214 -82.0081 -82.0081 -9999 -9999 -9999 -9999 -9999 -9999 -9999 -84.3662 -84.3662 -83.8147 -82.9508 -81.9127 -81.0711 -80.7086 -80.8174 -81.1975 -81.6321 -81.9837 -82.1793 -82.199 -82.0884 -82.0884 -9999 -9999 -9999 -9999 -9999 -9999 -9999 -84.3091 -84.3091 -84.0079 -83.3804 -82.5761 -81.8855 -81.5092 -81.4951 -81.7042 -81.9837 -82.2221 -82.3484 -82.3373 -82.3373 -9999 -9999 -9999 -9999 -9999 -9999 -9999 -84.13 -84.13 -84.2806 -84.1684 -83.7684 -83.1946 -82.6584 -82.3162 -82.2024 -82.2596 -82.3949 -82.516 -82.5684 -82.5326 -82.5326 -9999 -9999 -9999 -9999 -9999 -9999 -9999 -84.2121 -84.2121 -84.3589 -84.3204 -84.073 -83.6797 -83.2807 -82.9819 -82.8232 -82.7818 -82.805 -82.8336 -82.8291 -82.7717 -82.7717 -9999 -9999 -9999 -9999 -9999 -9999 -84.6121 -84.6121 -84.541 -84.5661 -84.5112 -84.3385 -84.0579 -83.7582 -83.5059 -83.3336 -83.237 -83.1886 -83.1561 -83.1102 -83.0383 -83.0383 -9999 -9999 -9999 -9999 -9999 -9999 -85.1389 -85.1389 -84.9528 -84.8588 -84.7474 -84.5954 -84.3724 -84.1341 -83.9187 -83.7487 -83.6263 -83.5384 -83.4678 -83.397 -83.3163 -83.3163 -9999 -9999 -9999 -9999 -9999 -86.0772 -86.0772 -85.6714 -85.3752 -85.1688 -85.0037 -84.8484 -84.6483 -84.4433 -84.2528 -84.0901 -83.9585 -83.8529 -83.762 -83.6774 -83.6774 -9999 -9999 -9999 -9999 -9999 -9999 -86.4628 -86.4628 -86.0801 -85.795 -85.5799 -85.4038 -85.0878 -84.8932 -84.7042 -84.5294 -84.3748 -84.2427 -84.1304 -84.0323 -83.9427 -83.9427 -9999 -9999 -9999 -9999 -9999 -87.1888 -87.1888 -86.7498 -86.3748 -86.0726 -85.8286 -85.6268 -85.4521 -85.1045 -84.9237 -84.759 -84.6128 -84.4849 -84.3733 -84.2756 -84.1871 -84.1871 -9999 -9999 -9999 -9999 -87.8119 -87.8119 -87.3676 -86.9482 -86.5798 -86.2686 -86.0101 -85.7951 -85.6132 -85.4027 -85.1018 -84.946 -84.8087 -84.6885 -84.5834 -84.4907 -84.4076 -84.4076 -9999 -9999 -9999 -9999 -87.9558 -87.9558 -87.4969 -87.0728 -86.7006 -86.3839 -86.1189 -85.8991 -85.7167 -85.5645 -85.2359 -85.0909 -84.9647 -84.8551 -84.7226 -84.6762 -84.5915 -84.5915 -9999 -9999 -9999 -88.6535 -88.6535 -88.0799 -87.5687 -87.1203 -86.7378 -86.4161 -86.1503 -85.9336 -85.7576 -85.6152 -85.3275 -84.9558 -84.8558 -84.7711 -84.6991 -84.6379 -84.6379 -9999 -9999 -9999 -9999 -88.7852 -88.7852 -88.1107 -87.549 -87.0794 -86.6863 -86.3627 -86.1008 -85.8942 -85.7335 -85.6086 -85.4657 -85.0345 -84.9526 -84.8845 -84.8294 -84.7822 -84.7822 -9999 -9999 -9999 -89.4881 -89.4881 -88.6631 -87.977 -87.4086 -86.9352 -86.5424 -86.2201 -85.9678 -85.7795 -85.644 -85.5474 -85.4768 -85.0771 -85.0177 -84.9706 -84.9334 -84.9334 -9999 -9999 -9999 -9999 -88.9113 -88.9113 -88.2428 -87.6545 -87.1433 -86.6954 -86.3089 -85.9904 -85.752 -85.5907 -85.4922 -85.4364 -85.4039 -85.0888 -85.056 -85.0325 -85.0161 -85.0161 -9999 -9999 -9999 -9999 -9999 -87.588 -87.588 -87.1962 -86.7897 -86.3832 -86.0052 -85.6888 -85.4643 -85.3363 -85.2883 -85.2851 -85.3027 -85.0768 -85.0756 -85.0761 -85.0811 -85.0811 -9999 -9999 -9999 -9999 -9999 -9999 -9999 -86.4092 -86.4092 -86.0467 -85.6716 -85.3489 -85.1342 -85.044 -85.0523 -85.1151 -85.1889 -85.0506 -85.0811 -85.1085 -85.1085 -9999 -9999 -9999 -9999 -9999 -9999 -9999 -9999 -9999 -85.7394 -85.7394 -85.3615 -85.0273 -84.8168 -84.7618 -84.8267 -84.9511 -85.0807 -85.0627 -85.0828 -85.1334 -85.1334 -9999 -9999 -9999 -9999 -9999 -9999 -9999 -9999 -9999 -9999 -9999 -84.8027 -84.8027 -84.5979 -84.5649 -84.6661 -84.8329 -84.9849 -85.0341 -85.0993 -85.1516 -85.1516 -9999 -9999 -9999 -9999 -9999 -9999 -9999 -9999 -9999 -9999 -9999 -9999 -84.5381 -84.5381 -84.5122 -84.6181 -84.7909 -84.9706 -85.0235 -85.1207 -85.1207 -9999 -9999 -9999 -9999 -9999 -9999 -9999 -9999 -9999 -9999 -9999 -9999 -9999 -9999 -9999 -84.6815 -84.6815 -84.8286 -84.9891 -85.0332 -85.1268 -85.1268 -9999 -9999 -9999 -9999 -9999 -9999 -9999 -9999 -9999 -9999 -9999 -9999 -9999 -9999 -9999 -9999 -9999 -84.5 -84.5 -84.5 -84.5 -9999 -9999 -9999 -9999 -9999 -9999 -9999 -9999 -9999 -9999 -9999 -9999 -9999 -9999 -9999 -9999 -9999 -9999 -9999 -84.5 -84.5 -84.5 -9999 -9999 -9999 -9999 -9999 -9999 -9999 
