Tests/Data/Utils/createLayeredMeshFromRasters/dem.asc
ncols 20
nrows 20
xllcorner 0
yllcorner 0
cellsize 0.5
NODATA_value -9999
0.579696 0.760591 0.961242 1.17016 1.37211 1.54976 1.68605 1.76687 1.7835 1.73409 1.62405 1.46508 1.27307 1.06555 0.859064 0.667128 0 0 0 0
0.760591 0.997934 1.2612 1.53531 1.80028 2.03336 2.21218 2.31823 2.34004 2.27521 2.13084 1.92226 1.67033 1.39805 1.12714 0.875307 0 0 0 0
0.961242 1.2612 1.59392 1.94034 2.27521 2.56978 2.79577 2.9298 2.95737 2.87544 2.69298 2.42937 2.11098 1.76687 1.42449 1.10622 0 0 0 0
1.17016 1.53531 1.94034 2.36206 2.76971 3.12831 3.40341 3.56657 3.60013 3.50039 3.27828 2.95737 2.56978 2.15089 1.73409 1.34665 0 0 0 0
1.37211 1.80028 2.27521 2.76971 3.24772 3.6682 3.99079 4.1821 4.22146 4.1045 3.84405 3.46776 3.01329 2.5221 2.03336 1.57906 0 0 0 0
1.54976 2.03336 2.56978 3.12831 3.6682 4.14312 4.50747 4.72356 4.76801 4.63591 4.34174 3.91673 3.40341 2.84863 2.29662 1.7835 0 0 0 0
1.68605 2.21218 2.79577 3.40341 3.99079 4.50747 4.90387 5.13896 5.18731 5.0436 4.72356 4.26118 3.70272 3.09915 2.49859 1.94034 0 0 0 0
1.76687 2.31823 2.9298 3.56657 4.1821 4.72356 5.13896 5.38532 5.43599 5.28539 4.95001 4.46546 3.88022 3.24772 2.61837 2.03336 0 0 0 0
1.7835 2.34004 2.95737 3.60013 4.22146 4.76801 5.18731 5.43599 5.48714 5.33512 4.99658 4.50747 3.91673 3.27828 2.64301 2.05249 0 0 0 0
1.73409 2.27521 2.87544 3.50039 4.1045 4.63591 5.0436 5.28539 5.33512 5.18731 4.85815 4.38259 3.80822 3.18745 2.56978 1.99563 0 0 0 0
1.62405 2.13084 2.69298 3.27828 3.84405 4.34174 4.72356 4.95001 4.99658 4.85815 4.54988 4.1045 3.56657 2.9852 2.40672 1.869 0 0 0 0
1.46508 1.92226 2.42937 2.95737 3.46776 3.91673 4.26118 4.46546 4.50747 4.38259 4.1045 3.70272 3.21745 2.69298 2.17113 1.68605 0 0 0 0
1.27307 1.67033 2.11098 2.56978 3.01329 3.40341 3.70272 3.88022 3.91673 3.80822 3.56657 3.21745 2.79577 2.34004 1.88659 1.46508 0 0 0 0
1.06555 1.39805 1.76687 2.15089 2.5221 2.84863 3.09915 3.24772 3.27828 3.18745 2.9852 2.69298 2.34004 1.9586 1.57906 1.22626 0 0 0 0
0.859064 1.12714 1.42449 1.73409 2.03336 2.29662 2.49859 2.61837 2.64301 2.56978 2.40672 2.17113 1.88659 1.57906 1.27307 0.988632 0 0 0 0
0.667128 0.875307 1.10622 1.34665 1.57906 1.7835 1.94034 2.03336 2.05249 1.99563 1.869 1.68605 1.46508 1.22626 0.988632 0.767747 0 0 0 0
0 0 0 0 0 0 0 0 0 0 0 0 0 0 0 0 0 0 0 0
0 0 0 0 0 0 0 0 0 0 0 0 0 0 0 0 0 0 0 0
0 0 0 0 0 0 0 0 0 0 0 0 0 0 0 0 0 0 0 0
0 0 0 0 0 0 0 0 0 0 0 0 0 0 0 0 0 0 0 0
